source,x,y
0,769.948669,2982.984131
1,863.275757,3005.275635
2,690.196411,3333.704834
3,1197.556519,2984.470215
4,1261.188599,2985.956299
5,722.436707,3467.454346
6,1316.336426,2999.331299
7,749.586365,3781.022461
8,1474.144165,2737.776855
9,1662.919434,3148.684814
10,1771.942505,2439.06958
11,842.913513,4259.54834
12,1794.850098,2392.257324
13,1830.059814,2468.048828
14,1807.152222,2400.430908
15,1834.302002,2414.92041
16,1827.938721,2339.12915
17,1871.208618,2504.458252
18,1836.422974,2342.4729
19,1863.14856,2431.267578
20,1834.302002,2304.577148
21,2090.951416,3406.895508
22,1885.631836,2449.472412
23,1877.571777,2359.19165
24,1910.660522,2540.496338
25,1845.331543,2276.341309
26,1889.874023,2364.392822
27,2115.555908,3432.159424
28,1920.841675,2531.951172
29,1904.297241,2472.878662
30,1910.660522,2380.73999
31,1905.994141,2335.413818
32,1865.269531,2243.275391
33,2142.705566,3464.853516
34,1935.264893,2495.91333
35,1953.930298,2505.201416
36,1941.628174,2404.14624
37,910.363525,4476.519531
38,1922.962769,2305.320312
39,1964.535645,2475.107666
40,1976.837891,2604.770508
41,1968.353638,2427.55249
42,1970.474731,2609.22876
43,1987.019043,2597.339844
44,1939.50708,2275.598145
45,1978.958984,2627.433594
46,1991.26123,2456.531494
47,2005.260254,2561.301758
48,2003.563354,2512.260254
49,2034.531006,2546.069336
50,945.149109,4573.859375
51,2063.377686,2532.322754
52,2073.134521,2547.927002
53,2076.104004,2526.006836
54,951.936523,4628.845215
55,2131.676025,2527.864502
56,941.331177,4686.803223
57,2208.45874,2500.743164
58,920.544678,4750.706055
59,1137.74231,4560.855957
60,2225.003174,2480.680664
61,1158.953003,4579.432129
62,899.758179,4796.403809
63,1181.860596,4553.796875
64,1177.194214,4609.154297
65,889.152832,4836.899902
66,2322.57251,3846.411133
67,1191.193359,4660.053711
68,906.969849,4943.899414
69,1000.296936,4836.899902
70,1019.810791,4857.333984
71,1043.142578,4879.253906
72,923.938416,5027.864258
73,1084.291382,4879.253906
74,2407.415283,4020.2854
75,1104.22937,4849.531738
76,934.543762,5104.027344
77,1455.47876,4663.397461
78,2047.681641,3794.397461
79,1161.498291,4833.556152
80,2446.867188,4102.76416
81,948.542847,5153.812012
82,2619.522217,3908.827393
83,1116.955811,5016.71875
84,958.723938,5196.537598
85,1518.686646,4691.633301
86,1145.378174,4766.681641
87,1229.796753,4813.865234
88,1160.225708,5041.982422
89,2491.833984,4167.038086
90,1176.77002,5026.75
91,1499.172729,4723.956055
92,2589.827393,3962.69873
93,954.057617,5240.005859
94,1167.013062,5073.933594
95,1107.623169,4766.681641
96,2202.944092,4021.771484
97,1150.46875,5076.905762
98,1157.68042,4924.208496
99,1480.08313,4746.247559
100,1197.980713,5001.486328
101,954.481812,5266.012695
102,1556.865967,4629.959961
103,1237.008423,4749.591309
104,2631.400391,3962.69873
105,2179.187988,4038.118652
106,1103.380981,5067.246094
107,1181.860596,5140.437012
108,2200.398682,4062.267822
109,1588.257812,4600.237793
110,2562.253418,4237.628418
111,1186.526978,4748.10498
112,2188.096436,4071.184326
113,1185.678589,5157.527344
114,1227.675781,4924.208496
115,2186.399658,4081.95874
116,1000.721191,5332.516113
117,1200.101807,5108.48584
118,7872.990234,3326.274414
119,8107.15625,3246.024658
120,8127.518555,3351.538086
121,7559.071777,3512.037354
122,7969.710938,2837.345703
123,7219.700684,3608.634277
124,8242.905273,3871.674805
125,7007.593262,3693.342285
126,6758.155273,3764.675293
127,7830.568848,2329.0979
128,6782.759766,3708.946289
129,6656.344238,3778.050293
130,6702.583496,3885.421387
131,6697.916992,3895.452637
132,6672.040039,3874.646973
133,6728.884766,3911.799561
134,6827.726562,3602.689941
135,6641.072266,3847.525635
136,6794.637695,3590.801025
137,6788.69873,3588.571777
138,8300.597656,4412.617188
139,6851.058594,3557.735107
140,6769.609375,3956.754395
141,6751.79248,3579.283691
142,6602.044922,3810.744629
143,6770.033691,3635.012695
144,6812.455078,3544.360352
145,6810.758301,3937.806396
146,6641.496582,4018.427734
147,6797.607422,3997.993652
148,6813.727539,3945.237061
149,6753.913574,3653.217529
150,6821.363281,3961.955811
151,6575.743652,3776.935547
152,6831.96875,3937.806396
153,6708.522461,3613.464111
154,6725.066895,3667.335449
155,6838.332031,3954.525146
156,6808.212891,3490.117432
157,6582.530762,3882.077637
158,6823.060059,4050.378906
159,6902.388184,3457.794678
160,6610.10498,4077.128906
161,6544.351562,3746.470459
162,6907.90332,3446.277344
163,6669.494629,3636.870361
164,6867.178711,3443.676514
165,6584.651855,4098.305664
166,6784.880859,4063.382324
167,6854.452148,3438.10376
168,6581.258301,3717.863037
169,6569.804199,3953.410645
170,6602.044922,3721.578125
171,6554.957031,4123.198242
172,6491.324707,3695.199951
173,6829.847656,3419.898926
174,6569.804199,3975.702148
175,6564.713867,3679.967285
176,6727.187988,4068.955322
177,6840.453125,3500.148682
178,6919.356934,4003.56665
179,6569.804199,4016.94165
180,6806.939941,3384.232422
181,6699.189941,4070.812988
182,6469.689941,3734.581543
183,6455.690918,3661.019531
184,6288.126465,3746.842041
185,6804.818848,3374.944336
186,6448.055176,3653.588867
187,6456.115234,3727.522705
188,6460.357422,3750.928711
189,6626.648926,4099.048828
190,6985.958496,3325.53125
191,6798.879883,3353.395752
192,6445.934082,3745.355957
193,6988.928223,3320.329834
194,7062.316895,3461.881348
195,6480.719238,3975.702148
196,6984.261719,3969.38623
197,6453.569824,4183.013672
198,6996.988281,3951.552979
199,6850.209961,3338.534668
200,6377.635254,3691.484619
201,7645.611328,1801.53064
202,6515.081055,3608.634277
203,6717.431152,3386.090088
204,6428.541016,4198.246582
205,6770.033691,3290.60791
206,6424.723145,4200.475586
207,6481.143555,4206.419922
208,7032.197754,3257.541992
209,6376.787109,3584.485107
210,6340.304688,3702.258789
211,6842.149902,3295.437744
212,6504.899902,4223.138672
213,6333.51709,3697.057617
214,6764.094727,3254.569824
215,6946.08252,3215.55957
216,6920.205078,3319.215332
217,6416.23877,3562.193604
218,7024.137695,3869.445801
219,6397.997559,4142.517578
220,6570.228516,3567.394775
221,6928.265625,3314.013916
222,6307.640137,3675.509033
223,6328.002441,3612.349609
224,6526.110352,4251.374512
225,6934.20459,3331.847168
226,6844.270996,3246.767822
227,7197.641602,3475.256348
228,6661.43457,3446.277344
229,6390.361816,4125.798828
230,7032.197754,3187.695068
231,6944.80957,3321.072998
232,6290.671387,3724.921875
233,6536.71582,4267.72168
234,6541.382324,4267.72168
235,6308.488281,3626.839111
236,6011.538574,3562.564941
237,5826.581055,3465.968262
238,5488.906738,3344.107666
239,5426.123047,3330.732666
240,5437.57666,3446.648926
241,5480.422363,3461.138428
242,5577.143555,3147.94165
243,5384.974121,3533.214355
244,5328.129883,3427.700928
245,5558.478027,3468.568848
246,5572.901367,3470.054932
247,5333.644531,3508.322266
248,5353.158203,3585.971191
249,5265.77002,3417.29834
250,5531.328125,3537.672852
251,5312.009277,3547.703857
252,5352.733887,3337.048584
253,5622.958496,3049.858887
254,5466.42334,3127.507812
255,5523.692383,3558.106689
256,5692.105469,3182.493652
257,5458.787598,3126.021729
258,5247.10498,3465.225098
259,5453.697266,3124.907227
260,5501.633301,3530.61377
261,5307.343262,3657.304199
262,5555.932617,3565.537109
263,5227.166504,3486.030518
264,5560.599121,3567.023438
265,5710.34668,3136.795898
266,5458.787598,3526.898438
267,5244.983887,3513.1521
268,5584.779297,3569.995605
269,5291.223145,3696.686035
270,5091.842285,3228.191406
271,5601.747559,3572.596191
272,5572.477051,3519.468018
273,5286.556641,3707.831787
274,5238.196289,3287.635498
275,5613.20166,3572.224609
276,5180.079102,3526.155518
277,5479.998535,3645.415283
278,5359.521484,3110.789062
279,5597.081543,3523.18335
280,5509.269043,3021.251221
281,5276.799805,3733.095459
282,5639.927246,3571.110107
283,5770.160645,3499.033936
284,5467.696289,3670.679199
285,5153.777832,3545.103271
286,5619.564941,3533.95752
287,5639.927246,3535.815186
288,5310.3125,3103.358643
289,5211.89502,3707.831787
290,5264.921875,3779.907959
291,5130.021484,3520.210938
292,5714.588867,2898.276123
293,5819.369629,3506.093018
294,5096.933105,3399.836426
295,5514.783691,3690.741455
296,5385.398438,3039.456055
297,5447.757812,3720.463623
298,5386.671387,3290.979248
299,5832.52002,3520.210938
300,5570.355957,3650.988281
301,5835.914062,3516.867188
302,5194.501953,3677.738037
303,5453.697266,3733.095459
304,5073.601074,3386.090088
305,5098.629883,3500.891602
306,5730.284668,2866.696289
307,5724.77002,3572.596191
308,5254.740723,3095.556641
309,4978.152832,3289.121826
310,5356.12793,3289.121826
311,5348.491699,3033.883301
312,5555.932617,3690.741455
313,5057.480957,3365.284668
314,5745.556152,3579.655273
315,5484.664551,3742.012207
316,5074.874023,3487.145264
317,5234.378418,3092.584229
318,5171.594727,3640.214111
319,5797.310547,3556.992188
320,5404.488281,2980.754883
321,5166.928223,3633.897949
322,5164.807129,3630.554199
323,5767.191406,3588.571777
324,5057.905273,3503.12085
325,5358.672852,2996.359131
326,5239.893066,3879.476807
327,5650.108398,3652.845947
328,5760.828125,2807.252197
329,5894.455566,3577.426025
330,5041.36084,3520.58252
331,5521.571289,3782.508545
332,5213.591797,3156.115234
333,5032.452148,3484.544434
334,5809.188477,2891.217041
335,5651.805176,2834.373535
336,5670.894531,3656.561035
337,5389.640625,3828.206299
338,5373.096191,2960.321045
339,5230.984375,3915.514893
340,5092.690918,3536.929688
341,5913.121094,3437.732178
342,5017.60498,3533.95752
343,5436.728516,2924.282959
344,5096.508789,3534.329102
345,5008.271973,3653.217529
346,5289.102051,3890.251221
347,5689.560059,3669.193115
348,5923.726074,3429.187012
349,4999.36377,3472.28418
350,5068.93457,3553.276855
351,5410.00293,3847.154053
352,5137.657715,3077.351807
353,4993.849121,3542.502686
354,8556.823242,8096.670898
355,8185.211914,7679.075684
356,8244.601562,7187.174805
357,8290.416992,6753.232422
358,7503.075684,6940.481445
359,7614.644043,6866.919434
360,7535.315918,6792.242676
361,7699.0625,6947.168945
362,7343.570801,7134.789551
363,7335.086914,7126.987793
364,7464.472168,6721.652344
365,7248.546875,7044.508789
366,7107.708008,6799.301758
367,7221.397461,7016.644531
368,7161.15918,7261.47998
369,7163.704102,6958.686523
370,7529.80127,7319.438477
371,7134.85791,7096.150879
372,7621.007324,6574.156738
373,7090.31543,6885.124023
374,7073.770996,7056.397461
375,7626.946289,9199.361328
376,7192.975098,7157.824219
377,7674.882324,6620.96875
378,7041.106445,7354.361816
379,8354.897461,6041.388184
380,7993.467285,7213.181641
381,7054.256836,6848.714355
382,7046.621094,6841.655762
383,7013.532227,7121.414551
384,7220.124512,6479.045898
385,8028.676758,7245.132812
386,7659.186523,7446.128906
387,7006.745117,6966.488281
388,7184.915039,6444.122559
389,7914.987305,7265.938477
390,7712.637207,7498.142578
391,6953.293945,6928.592773
392,6930.38623,7042.651367
393,6741.187012,6674.46875
394,8146.184082,7283.400391
395,7757.179688,7541.61084
396,6932.083496,6724.253418
397,6928.689453,6726.854004
398,6882.874512,6997.325195
399,7375.387207,6357.928223
400,7860.263672,6347.896973
401,6890.93457,6691.930664
402,7864.505859,6337.123047
403,7820.387695,7316.46582
404,7607.007812,7579.87793
405,6870.147949,6662.580078
406,7313.875977,6302.942383
407,6799.304199,7537.523926
408,7040.682129,6302.942383
409,7321.936035,6310.001465
410,6833.241211,6837.94043
411,7905.654785,6344.182129
412,7015.65332,6652.92041
413,6843.422363,6657.75
414,7913.714844,6337.123047
415,8127.094727,7005.870117
416,6841.30127,6635.458496
417,6781.487305,6885.124023
418,6779.366211,7098.751465
419,7063.165527,6705.305176
420,6969.414062,6366.473633
421,6764.942871,6614.28125
422,7900.988281,7687.992188
423,8208.967773,7027.418457
424,7089.466797,6715.336426
425,6750.519531,6608.708496
426,7100.496094,6719.794922
427,8213.209961,7047.480957
428,6733.975098,7069.772461
429,6769.185059,6561.15332
430,6694.523438,7617.402344
431,7479.319336,7445.385742
432,6708.946777,7062.713867
433,7130.615723,6679.29834
434,7458.108887,7443.899414
435,6917.660156,6182.196289
436,7462.351074,7427.552246
437,8273.873047,7054.540039
438,7449.624512,7438.32666
439,6754.761719,7018.873535
440,6898.570312,6427.775391
441,6680.94873,7089.091797
442,7178.127441,6740.229004
443,7155.644043,6161.762695
444,8298.477539,7050.824707
445,7191.27832,6737.999512
446,6655.495605,7046.737793
447,6733.975098,6997.325195
448,8358.291016,5522.737305
449,7397.446289,7742.978027
450,7486.955566,6149.130859
451,6636.830078,6563.382324
452,6677.979004,6711.25
453,7209.095215,6775.152344
454,6866.330078,6229.380371
455,6638.951172,7124.015625
456,6862.087891,6260.216797
457,6624.952148,7069.772461
458,6696.644531,6986.550781
459,6862.087891,6237.553711
460,6672.040039,7004.383789
461,6665.676758,6723.881836
462,6632.164062,7134.789551
463,6597.378418,7030.019531
464,6591.015137,6807.103516
465,8031.222168,7820.255371
466,6568.531738,6539.604492
467,6585.924805,7115.098633
468,6607.55957,6775.895508
469,8358.291016,5427.626465
470,7271.878906,6665.552246
471,6599.075195,7186.803223
472,6007.296387,242.978149
473,5765.494629,89.537819
474,5638.22998,299.078613
475,6490.052246,532.397095
476,5510.96582,767.20166
477,6926.144531,838.534729
478,5529.631348,1312.602173
479,5583.930664,1602.392578
480,7433.504395,1441.893311
481,5524.964844,1600.163452
482,5681.075684,1607.222412
483,5681.075684,1623.56958
484,5701.862305,1607.965576
485,5693.37793,1628.770996
486,5732.405762,1632.486206
487,5738.344727,1641.402832
488,5402.791504,1592.36145
489,5777.796875,1610.937744
490,5736.647949,1659.607666
491,5599.202637,1816.391724
492,5812.158203,1604.993286
493,5726.04248,1698.989502
494,5396.428223,1653.663208
495,5722.224609,1743.944092
496,5835.914062,1672.982666
497,5280.617676,1591.618408
498,5726.04248,1797.81543
499,5278.920898,1534.40332
500,5274.678711,1510.997192
501,5289.526367,1766.607178
502,5847.367676,1770.69397
503,5270.436523,1487.591064
504,5266.618652,1469.38623
505,5270.436523,1462.327271
506,5327.28125,1792.985596
507,5261.527832,1814.90564
508,5267.042969,1814.162598
509,5286.980957,1440.778687
510,5250.498535,1816.020264
511,5273.830078,1818.992432
512,5108.386719,1577.871948
513,5292.919922,1422.945435
514,5292.919922,1389.879639
515,5641.199707,1370.560303
516,5116.022461,1620.597412
517,5201.289551,1790.75647
518,5640.351074,1366.473511
519,5720.527832,1986.550781
520,5841.428711,1902.214355
521,5292.495605,1879.922729
522,5678.95459,1980.606323
523,5992.873047,1683.385376
524,5292.495605,1923.019775
525,5149.959473,1810.447266
526,5668.773438,1989.522949
527,5561.447266,1373.532471
528,4981.122559,1573.042114
529,5125.355469,1828.280518
530,5830.399414,1982.092407
531,5179.654785,1396.567139
532,6045.475586,1650.69104
533,4947.609375,1565.611572
534,4942.943359,1564.86853
535,5526.237793,2241.417725
536,5104.144531,1400.653931
537,5528.358887,1907.044189
538,5893.606934,2013.300659
539,5596.657227,1209.689453
540,6098.078125,1631.371704
541,5901.666992,2017.758911
542,5057.905273,1884.009521
543,5547.023926,1907.044189
544,5045.603027,1876.950562
545,5489.331055,1378.362305
546,5565.265137,1923.019775
547,4898.400879,1635.458496
548,5494.421387,1366.473511
549,5173.291504,1296.998047
550,5495.694336,1362.758179
551,5510.117676,1377.247681
552,5031.179688,1855.401978
553,5567.38623,1939.366943
554,5941.119141,2037.449829
555,5813.85498,2105.439209
556,5020.150391,1404.369141
557,5851.609863,2087.977295
558,4824.587402,1524.00061
559,4942.943359,1438.921143
560,6188.860352,1625.427246
561,4813.981934,1519.542236
562,4942.943359,1424.803101
563,6196.92041,1624.684204
564,5637.806152,2195.719971
565,5239.044434,1295.140381
566,5251.770996,2142.963379
567,5967.42041,1929.335693
568,4830.526367,1491.677856
569,5017.180664,1481.646606
570,6226.190918,1646.232666
571,4771.560547,1500.594482
572,6236.37207,1608.337036
573,5015.908203,1503.195068
574,4830.526367,1464.927979
575,5575.870605,1055.877563
576,5032.452148,1503.195068
577,5544.054688,2049.710205
578,6002.630371,1962.030029
579,4830.526367,1444.865479
580,5007.848145,1280.650879
581,5790.947266,2233.987305
582,5099.902344,1164.734741
583,5625.503906,2298.26123
584,6033.17334,1992.495117
585,4975.60791,1275.449585
586,6046.324219,1998.439575
587,6181.648438,1718.680298
588,5484.664551,2042.279663
589,5149.535645,2101.723877
590,8348.110352,4911.948242
591,5393.882812,2722.915771
592,4715.140137,3378.288086
593,4353.709961,3476.37085
594,4420.311523,3526.155518
595,4257.837402,3383.86084
596,4465.702148,3561.822021
597,4240.444336,3357.854004
598,4447.885254,3580.398193
599,4514.0625,3599.717529
600,4408.433594,3582.255859
601,4297.289062,3324.416748
602,4532.728027,3622.752197
603,4535.697754,3570.367188
604,4167.055664,3395.006592
605,4540.36377,3646.530029
606,4306.197754,3298.781494
607,4541.212402,3652.845947
608,4143.299316,3406.895508
609,4570.483398,3561.450439
610,4617.570801,3476.742432
611,4628.600586,3473.770264
612,4138.633301,3435.50293
613,4205.234863,3457.051514
614,4548.423828,3718.234619
615,4140.754395,3472.655762
616,4614.177246,3613.835693
617,4150.086914,3493.0896
618,4651.083984,3538.787354
619,4609.510742,3392.777588
620,4556.060059,3768.390625
621,4118.270996,3179.521484
622,4164.510254,3505.350098
623,4290.501953,3171.3479
624,4287.10791,3146.084229
625,4690.535645,3569.252441
626,4676.536621,3575.197021
627,4095.363281,3146.084229
628,4131.421387,3533.95752
629,4078.394775,3156.486816
630,4159.84375,3130.851562
631,3999.06665,3746.842041
632,4234.081543,3198.0979
633,4223.051758,3203.670654
634,4731.68457,3552.905273
635,4680.778809,3708.203369
636,4060.153564,3168.375732
637,4092.393799,3174.320068
638,4228.990723,3182.865234
639,4729.13916,3599.717529
640,4253.595215,3096.671143
641,4343.104492,3118.591064
642,4214.991699,3189.924316
643,4599.753906,3283.548828
644,4191.660156,3114.132812
645,4049.972412,3183.979736
646,4757.561523,3545.846436
647,4343.104492,3102.615479
648,4754.167969,3619.408447
649,4226.445312,3095.556641
650,4276.078613,3075.122559
651,4779.196777,3544.360352
652,4577.694824,3903.625977
653,4006.702637,3206.642822
654,4800.831543,3544.360352
655,4647.266113,3266.087158
656,4780.893555,3661.019531
657,4585.330566,3954.153564
658,4840.283203,3545.846436
659,4133.118164,3022.737305
660,4804.225098,3697.057617
661,3952.827393,3235.621826
662,4741.01709,3824.119385
663,4914.520996,3401.694092
664,4130.573242,3019.393555
665,4126.331055,3012.334717
666,4813.981934,3716.376953
667,3978.280273,2975.182129
668,4468.247559,3864.615723
669,4088.575928,3350.423584
670,4913.248047,3549.561523
671,4847.070801,3702.630371
672,4380.435059,2963.293213
673,4181.902832,2947.317627
674,3891.316406,3268.316162
675,4475.458984,3830.063965
676,4571.331543,3146.455566
677,4767.742676,3902.139893
678,3996.945557,3306.211914
679,4873.796387,3694.828369
680,4948.458008,3549.561523
681,4789.377441,3221.503906
682,4845.79834,3777.678711
683,4202.265137,2938.772461
684,4848.343262,3782.508545
685,4962.032715,3549.561523
686,4041.488037,3373.82959
687,4943.367188,3506.4646
688,4948.458008,3523.554688
689,4810.164062,3908.456055
690,4622.237305,4100.535156
691,4385.101562,3834.150635
692,3956.221191,3329.618164
693,4468.247559,3776.935547
694,3951.554688,3332.590332
695,4820.769531,3902.511475
696,4237.475098,2907.935791
697,4062.69873,3406.152588
698,3909.133301,2977.411133
699,3944.343018,3336.677002
700,4000.763672,3394.635254
701,3913.799805,2880.814453
702,4503.033203,3166.146484
703,3817.503174,3307.326416
704,4407.160645,3959.35498
705,4760.955566,3989.44873
706,4130.148926,2877.470703
707,4259.109863,2904.220459
708,3986.764404,3391.291504
709,3982.098145,3390.176758
710,3766.597412,4038.118652
711,3676.664062,4222.395508
712,3593.518066,4632.560547
713,3092.945312,4069.326904
714,3551.09668,4955.788574
715,3630.424561,5004.086914
716,3628.303467,5009.288086
717,3593.518066,5086.937012
718,3587.154785,5091.76709
719,3716.540039,5056.472168
720,3384.380371,4836.52832
721,3581.21582,5114.430176
722,3581.21582,5119.631348
723,3579.943115,5127.433594
724,3348.322266,4810.521484
725,3552.369141,5136.350098
726,3429.77124,4785.629395
727,3327.111572,4795.289062
728,3792.474365,5097.339844
729,3796.716553,5099.94043
730,3511.220459,5149.725098
731,3506.978271,5261.183105
732,3792.474365,5074.676758
733,3396.682617,4756.650391
734,3583.336914,5220.314941
735,3830.653809,5120.00293
736,3277.054199,4759.994141
737,3698.298828,5154.92627
738,3286.386963,4882.597656
739,3465.405273,5145.266602
740,3271.115234,4773.740723
741,3868.408691,5133.37793
742,3266.873047,4788.22998
743,3634.666748,5212.884766
744,3883.256348,5137.464844
745,3266.873047,4801.233398
746,3394.98584,5050.527344
747,3585.458008,5289.047363
748,3264.751953,4814.236816
749,3909.557617,5144.523926
750,3256.267822,4827.240234
751,3745.810791,5100.312012
752,3772.112061,5180.561523
753,3755.143555,4973.621582
754,3903.194336,5161.985352
755,3340.262207,4694.977051
756,3939.252441,5147.496094
757,3753.022461,4948.35791
758,3695.329346,5256.353027
759,3641.454102,5309.853027
760,3222.330566,4858.44873
761,3890.89209,5190.964355
762,3786.5354,5122.975098
763,3573.155762,5358.151367
764,3859.076172,5152.325684
765,3500.190918,4639.248047
766,3790.777588,4948.729492
767,3569.337891,5382.671875
768,3729.690674,5278.272949
769,3382.259277,4649.650879
770,3867.984619,5214.370605
771,3618.546631,5344.404785
772,3971.068604,5172.016602
773,3195.180908,4893.37207
774,3528.188965,4659.310547
775,3699.99585,5331.772949
776,3597.760254,5388.245117
777,3296.568115,5110.343262
778,3965.553711,5202.481934
779,3259.237305,5020.0625
780,3669.028076,4947.614746
781,3285.962646,5113.687012
782,3180.333496,4923.094238
783,3780.596436,4895.972656
784,3769.991211,5303.537109
785,3723.327637,5348.491699
786,3624.909912,5394.189453
787,3271.963623,5088.42334
788,3436.134521,4592.435547
789,3862.469727,4949.84375
790,3100.156982,4633.675293
791,3960.039062,5231.83252
792,3167.606934,4952.444824
793,3789.504883,5279.759277
794,3745.386719,4892.257324
795,3929.495605,5012.260254
796,3250.328857,5140.808594
797,3553.641846,5474.438965
798,3949.009521,5257.839355
799,3245.238281,5146.009766
800,3733.084473,4881.48291
801,3815.806152,5328.057617
802,4064.819824,5179.075684
803,3522.25,5540.570801
804,3296.992432,4589.834961
805,3199.847168,4595.407715
806,3434.861816,5337.717285
807,3771.263672,5383.786621
808,3229.542236,5163.100098
809,3151.911133,4993.3125
810,3053.069092,4600.609375
811,3982.098145,5275.672363
812,3597.335938,5473.324219
813,3613.031738,4742.532227
814,3201.119873,5131.520508
815,3555.762939,5525.709473
816,3190.514648,5138.579102
817,3395.409912,5353.692871
818,3186.272461,5125.575684
819,3202.816895,5192.450684
820,4146.693359,5166.072266
821,3722.479004,4821.66748
822,3624.485596,5472.581543
823,3179.90918,5134.864258
824,3562.550293,5557.660645
825,3971.49292,4951.330078
826,3739.871826,5437.286133
827,4144.996582,5186.506348
828,647.775024,3519.468018
829,3849.743408,6173.651367
830,4099.181152,6256.873047
831,3632.121582,5868.256836
832,3638.060547,5911.354004
833,4277.351074,6255.387207
834,3631.272949,5936.989258
835,3614.72876,5961.881348
836,3732.236084,5863.426758
837,3529.037354,5838.534668
838,3528.188965,5813.270996
839,4279.896484,6323.748047
840,3781.869141,5861.569336
841,4278.199707,6163.248535
842,3518.856201,5765.715332
843,3530.734375,5942.19043
844,3820.04834,5861.940918
845,3446.315674,5822.559082
846,3742.417236,5959.652344
847,4213.719238,6325.605469
848,3743.265625,5963.739258
849,3741.144531,5967.454102
850,3739.023438,5971.541016
851,3781.444824,5785.40625
852,3518.856201,5720.018066
853,4280.320801,6424.431641
854,4287.956543,6434.091309
855,4195.901855,6372.046387
856,3892.164795,5862.3125
857,4175.115723,6163.991699
858,4283.714355,6451.924316
859,3828.956787,5939.589844
860,3450.982178,5934.01709
861,3831.502197,5943.676758
862,3529.885986,5674.320312
863,4282.017578,6468.271484
864,3840.410645,5955.56543
865,4159.419434,6369.817383
866,3348.746338,5812.15625
867,4258.685547,6447.837891
868,3536.67334,5654.629395
869,3485.767578,6114.578613
870,3780.596436,5711.101074
871,4284.138672,6486.848145
872,3934.161865,5853.395508
873,3786.959717,5704.413574
874,3867.984619,5783.177246
875,3881.559326,5783.177246
876,4120.39209,6375.761719
877,3474.313721,6144.300781
878,4179.35791,6239.783203
879,4172.570312,6456.01123
880,3297.84082,5806.583496
881,4102.150879,6379.477051
882,4331.650391,6486.848145
883,3902.345947,5793.208496
884,4288.805176,6541.09082
885,4154.329102,6457.497559
886,3596.487549,5640.139648
887,3911.254395,5805.097168
888,4090.697021,6380.591309
889,3990.158203,5840.763672
890,4276.078613,5957.794434
891,4081.788574,6381.334473
892,4066.516846,6165.477539
893,3344.080078,5922.12793
894,3431.468262,5639.024902
895,4014.338379,5834.819336
896,4056.335693,6377.990723
897,3246.935059,5810.67041
898,4299.410156,6577.128906
899,3612.18335,5679.521484
900,4381.283691,6474.587402
901,3342.807373,5950.364258
902,4275.22998,5910.982422
903,3963.008545,5957.794434
904,3574.00415,5589.240723
905,3341.958984,5962.25293
906,3224.027588,5822.559082
907,4390.192383,6491.306152
908,3325.838867,5950.364258
909,3998.642578,5803.98291
910,3963.008545,5967.825684
911,3567.640869,6205.602539
912,3217.23999,5803.611328
913,4301.53125,6606.851074
914,3212.997803,5802.496582
915,4055.911377,5825.159668
916,3962.584229,5977.856934
917,4344.80127,5941.076172
918,3436.98291,5578.094727
919,3450.557861,6250.928711
920,3363.593994,5622.306641
921,3449.285156,6255.758789
922,3946.888428,5985.287598
923,4190.811523,6545.177734
924,4294.744141,6635.458496
925,4275.22998,5866.770508
926,3696.177734,5610.789062
927,3385.653076,5983.058594
928,3444.19458,5550.602051
929,3339.837891,5616.733398
930,3420.438721,6256.130371
931,3361.896973,5648.68457
932,3635.939453,5749.368164
933,3361.4729,5652.771484
934,3268.994141,5940.333008
935,4208.204102,5911.725586
936,3180.333496,5864.913086
937,4459.338867,6454.896484
938,4027.489014,6469.757812
939,3915.496582,6001.263184
940,4111.059082,5812.527832
941,4520.850098,6381.334473
942,4022.822754,6470.129395
943,3366.13916,5664.660645
944,3624.909912,6163.620117
945,3476.434814,5565.462891
946,3638.484619,5779.833496
947,4781.317383,6392.108887
948,4986.637207,6527.344238
949,5110.083496,6617.996582
950,5144.020508,6547.406738
951,5052.390625,6727.597168
952,5172.442871,6489.820312
953,5266.618652,6673.725586
954,5259.831055,6683.013672
955,5254.316406,6690.072754
956,5204.259277,6425.546387
957,5244.983887,6529.57373
958,5230.13623,6720.909668
959,5158.868164,6773.294922
960,5216.561523,6396.566895
961,5164.807129,6769.951172
962,5216.137207,6739.114258
963,5300.131348,6595.333496
964,5318.372559,6568.955078
965,5138.930176,6815.277344
966,5227.166504,6347.525879
967,5328.129883,6555.208984
968,5156.322754,6694.902832
969,5283.586914,6458.983398
970,5130.445801,6641.774414
971,5350.188965,6523.257324
972,5356.12793,6513.969238
973,5227.166504,6291.425293
974,5227.166504,6279.907715
975,5306.494629,6401.396973
976,5217.409668,6841.655762
977,4942.094727,6949.026367
978,5400.246094,6618.739746
979,5318.796875,6396.938477
980,5226.742676,6849.45752
981,5323.039062,6398.053223
982,4931.489258,6969.460449
983,5231.408691,6863.575684
984,5415.09375,6626.913574
985,5090.145508,6920.418945
986,5382.853027,6467.157227
987,5341.280273,6404.740723
988,5284.859863,6291.425293
989,5233.529785,6881.780273
990,5331.099121,6363.129883
991,5389.216309,6456.01123
992,5333.220215,6352.355469
993,5430.365234,6561.15332
994,5242.862793,6893.669434
995,4885.674316,6918.933105
996,5394.307129,6428.518555
997,5130.445801,6292.168457
998,5324.73584,6291.425293
999,4870.402344,6920.418945
1000,4882.70459,6899.985352
1001,5333.220215,6291.796875
1002,5324.73584,6316.317383
1003,5033.300781,6981.349609
1004,4885.674316,6886.23877
1005,5398.973633,6404.740723
1006,5227.166504,6168.450195
1007,5126.62793,6321.147461
1008,5161.837891,6946.797363
1009,5057.905273,6990.266113
1010,5486.361328,6564.868652
1011,5127.476562,6334.150879
1012,5256.861816,6357.928223
1013,5227.166504,6152.103027
1014,5403.639648,6377.247559
1015,5374.369141,6293.282715
1016,5128.749023,6346.411133
1017,5506.723633,6542.948242
1018,5301.404297,6174.022949
1019,5495.27002,6523.257324
1020,5106.689941,7008.099121
1021,5339.15918,6925.992188
1022,5231.408691,6108.634277
1023,5471.51416,6433.719727
1024,5420.184082,6325.977051
1025,5424.001953,6312.973633
1026,5135.960449,6395.824219
1027,5239.46875,6086.714355
1028,5136.384766,7007.727539
1029,5057.480957,6321.519043
1030,5127.900391,6399.539551
1031,5051.541992,6327.091797
1032,5242.01416,6994.724121
1033,5365.460449,6179.224121
1034,4985.364746,7078.689453
1035,5043.057617,6337.865723
1036,5252.195312,6061.079102
1037,4935.731445,6777.381348
1038,5115.598145,6155.817871
1039,5038.81543,6357.928223
1040,4719.382324,6864.318848
1041,5043.057617,6368.702637
1042,5531.752441,6470.129395
1043,5068.086426,6379.477051
1044,4829.678223,7185.688965
1045,5468.120117,6237.182129
1046,5387.943848,6100.832031
1047,4677.80957,6840.169434
1048,5059.602051,6143.186035
1049,5389.216309,6096.374023
1050,5302.252441,5999.03418
1051,5692.105469,6609.823242
1052,5125.779297,6056.992188
1053,5229.711914,7076.459961
1054,5041.36084,7142.220215
1055,5401.942871,6082.255859
1056,5340.855957,7041.165039
1057,5396.428223,6067.023438
1058,5394.731445,6060.335938
1059,5417.214844,6107.519531
1060,5706.952637,6574.899902
1061,5087.600098,6047.33252
1062,5415.09375,6059.592773
1063,4985.364746,6657.75
1064,5508.42041,6166.963867
1065,5835.06543,6662.580078
1066,6245.70459,6631.371582
1067,3861.621338,2908.307373
1068,3817.503174,2843.290283
1069,3773.384766,2865.210205
1070,3708.47998,2987.442383
1071,3692.359863,2993.386719
1072,3708.055908,2769.356445
1073,3655.453369,2925.397461
1074,3618.546631,3020.136719
1075,3691.511475,2654.926514
1076,3644.423584,3058.032471
1077,3612.607666,2860.380371
1078,3646.968994,2679.818604
1079,3739.871826,2628.176514
1080,3560.429199,2933.942627
1081,3679.209229,3109.674561
1082,3646.968994,2838.832031
1083,3646.968994,2827.314697
1084,3571.458984,2797.964111
1085,3707.20752,2580.249756
1086,3507.402588,2963.664795
1087,3711.025391,3157.601318
1088,3618.122314,2788.304443
1089,3529.037354,3116.362061
1090,3600.30542,2786.446777
1091,3484.919189,2965.893799
1092,3512.917236,2862.981201
1093,3477.70752,2966.265381
1094,3727.993896,3181.37915
1095,3533.279541,2742.978271
1096,3560.853516,3173.577148
1097,3652.907959,2505.572998
1098,3670.300781,3210.729736
1099,3446.315674,2897.532959
1100,3896.831055,2555.357422
1101,3579.094727,3190.667236
1102,3904.467041,2551.64209
1103,3459.466309,2783.845947
1104,3430.619873,2916.480957
1105,3512.493164,3199.955322
1106,3696.177734,3245.281738
1107,3448.436768,2767.127441
1108,3613.880371,2451.330078
1109,3612.607666,3240.45166
1110,3491.706543,3171.3479
1111,3940.949463,2615.544678
1112,3367.411865,2947.317627
1113,3852.288574,2481.795166
1114,3576.973633,3258.285156
1115,3895.134277,2853.692871
1116,3582.912598,2403.774658
1117,3573.155762,2388.170654
1118,3971.916992,2657.898682
1119,3822.169434,2441.298828
1120,3986.764404,2678.704102
1121,3909.981689,2451.330078
1122,3800.534424,2421.979492
1123,3620.667725,3323.302246
1124,3538.794434,2334.299316
1125,3312.263916,2861.123535
1126,4070.334717,2473.993164
1127,3911.678711,2690.9646
1128,3273.236328,3000.817383
1129,3481.525391,3306.583496
1130,3773.384766,2402.288574
1131,4063.123047,2559.444092
1132,3701.692627,3369.74292
1133,3662.240723,2348.045654
1134,3264.751953,2988.556885
1135,4067.365234,2551.64209
1136,3921.435547,2721.80127
1137,4072.455811,2541.61084
1138,3888.770996,2380.73999
1139,3676.239746,2330.955566
1140,3331.35376,2602.54126
1141,3681.754639,2334.670898
1142,3902.345947,2366.62207
1143,4053.366211,2768.985107
1144,3312.263916,3058.403809
1145,3694.905273,2310.521729
1146,4098.756836,2627.804932
1147,3441.225098,3246.39624
1148,4149.662598,2436.468994
1149,3711.025391,2356.219238
1150,3438.255615,3241.566406
1151,3477.70752,3113.389893
1152,3216.391602,2911.651123
1153,4156.025879,2452.44458
1154,3714.418945,2290.459229
1155,4055.487305,2358.820068
1156,3201.968262,2919.453125
1157,3730.539062,2335.042236
1158,3542.187988,3396.121338
1159,4154.329102,2470.649414
1160,3853.985596,2329.0979
1161,4087.303223,2815.797363
1162,4149.662598,2480.680664
1163,3736.053955,2268.167725
1164,3747.931885,2316.094482
1165,3757.688965,2305.691895
1166,3165.910156,2941.001709
1167,3218.512695,2718.828857
1168,4136.512207,2510.03125
1169,3756.840332,2246.990723
1170,3569.761963,3440.704346
1171,3769.566895,2294.545898
1172,3384.380371,3163.174316
1173,3154.032227,2855.550537
1174,4251.474121,2388.542236
1175,3132.397217,2963.293213
1176,3783.141846,2226.928223
1177,3792.474365,2274.112061
1178,3467.102295,3436.617676
1179,3143.851074,2852.206787
1180,3112.034912,2977.411133
1181,3808.17041,2259.994141
1182,3179.060791,3124.907227
1183,3808.594482,2208.351807
1184,3162.092285,2826.199951
1185,4676.960938,4536.707031
1186,4684.59668,4563.828125
1187,4669.325195,4508.842285
1188,4714.291992,4528.533203
1189,4718.958008,4549.338867
1190,4694.777832,4596.894043
1191,4630.297363,4450.141113
1192,4728.291016,4588.720703
1193,4713.019043,4631.445801
1194,4779.196777,4543.022949
1195,4723.200195,4650.394043
1196,4731.260254,4654.108887
1197,4542.061035,4567.915039
1198,4723.200195,4667.483887
1199,4809.739746,4538.936035
1200,4825.859863,4502.526367
1201,4658.29541,4656.338379
1202,4762.652344,4646.307129
1203,4550.969238,4600.980957
1204,4595.087402,4385.495605
1205,4841.556152,4529.647949
1206,4743.986816,4701.292969
1207,4817.375977,4584.633789
1208,4802.52832,4639.991211
1209,4523.395508,4498.439453
1210,4809.739746,4639.991211
1211,4766.894531,4692.004883
1212,4854.706543,4559.741211
1213,4861.918457,4576.459961
1214,4830.950684,4650.394043
1215,4697.747559,4720.612305
1216,4764.773438,4398.870605
1217,4435.158691,4574.230957
1218,4576.422363,4690.890137
1219,4682.475586,4726.928223
1220,4879.735352,4592.063965
1221,4844.949707,4674.914551
1222,4504.305664,4424.877441
1223,4870.82666,4605.067383
1224,4687.990723,4344.62793
1225,4856.827637,4681.230469
1226,4873.37207,4617.699707
1227,4678.657715,4335.339355
1228,4863.190918,4663.397461
1229,4736.351074,4350.572266
1230,4379.162598,4577.946289
1231,4664.658691,4333.110352
1232,4591.269531,4745.132812
1233,4870.402344,4642.963379
1234,4723.624512,4329.39502
1235,4364.314941,4579.060547
1236,4752.89502,4345.742188
1237,4581.512695,4748.10498
1238,4604.844727,4750.706055
1239,4841.556152,4726.185059
1240,4613.328613,4759.622559
1241,4898.824707,4663.397461
1242,4381.708008,4610.640625
1243,4386.374023,4623.644043
1244,4546.727051,4758.13623
1245,4428.371582,4389.210938
1246,4862.342285,4749.962891
1247,4836.465332,4758.13623
1248,4924.702148,4655.223633
1249,4465.702148,4683.831055
1250,4393.585938,4638.504883
1251,4601.026367,4314.53418
1252,4357.95166,4524.446289
1253,4876.341797,4763.337891
1254,4643.87207,4793.431641
1255,4403.342773,4649.279297
1256,4827.980957,4778.941895
1257,4886.098633,4763.709473
1258,4813.981934,4791.202148
1259,4329.105469,4526.304199
1260,4851.312988,4767.795898
1261,4670.597656,4799.747559
1262,4927.24707,4388.467773
1263,4839.435059,4803.833984
1264,4675.26416,4247.65918
1265,4891.613281,4786.000977
1266,4675.688477,4802.348145
1267,4370.253906,4361.717773
1268,4980.698242,4630.703125
1269,4551.817871,4290.013184
1270,4848.767578,4819.066895
1271,4925.550293,4764.452148
1272,4668.476562,4819.066895
1273,4302.379883,4522.217285
1274,4893.310059,4805.691895
1275,4787.680664,4813.493652
1276,4920.884277,4416.33252
1277,4997.242676,4623.644043
1278,4794.892578,4814.236816
1279,4860.22168,4833.556152
1280,4362.618164,4384.380859
1281,5005.727051,4619.928711
1282,4354.558105,4448.283691
1283,4282.441895,4514.415039
1284,4872.947754,4817.208984
1285,4990.455078,4436.022949
1286,4656.598633,4208.277832
1287,4821.193848,4817.952148
1288,4643.023926,4811.264648
1289,4275.22998,4509.213867
1290,4934.458984,4333.853516
1291,4448.30957,4243.572754
1292,4997.242676,4421.162109
1293,4925.550293,4786.372559
1294,4707.080078,4828.35498
1295,4629.44873,4813.493652
1296,4904.76416,4336.08252
1297,4324.438965,4339.797852
1298,4875.068848,4859.562988
1299,4507.699707,4263.263672
1300,4358.375977,4415.589355
1301,4203.11377,4589.463379
1302,4257.837402,4496.953613
1303,4247.231934,4303.388184
1304,4261.655273,4298.187012
1305,4283.290039,4320.478516
1306,4267.169922,4353.916016
1307,4164.085938,4334.968262
1308,4241.292969,4381.780273
1309,4133.54248,4250.260254
1310,4379.586914,4259.176758
1311,4199.295898,4406.30127
1312,4087.303223,4362.460938
1313,4084.758057,4359.117188
1314,4419.462891,4249.51709
1315,4156.874512,4181.15625
1316,4215.416016,4438.624023
1317,4033.003906,4373.235352
1318,4025.36792,4318.249512
1319,4134.81543,4427.106445
1320,4005.429932,4300.787598
1321,4229.415039,4201.961426
1322,4186.14502,4097.191406
1323,4151.783691,4461.287109
1324,3966.826416,4371.749023
1325,3991.85498,4279.239258
1326,4190.387207,4086.04541
1327,4259.958496,4206.04834
1328,4161.116699,4482.463867
1329,3950.706299,4388.839355
1330,3939.252441,4370.634766
1331,4233.23291,4111.680664
1332,4151.783691,4078.243408
1333,4301.53125,4198.246582
1334,3974.038086,4230.569336
1335,3972.765381,4420.790527
1336,3895.982666,4369.52002
1337,3939.252441,4324.56543
1338,4266.321777,4128.027832
1339,3884.104736,4369.148438
1340,4294.319824,4168.895996
1341,3969.795898,4203.076172
1342,4110.635254,4074.528076
1343,3871.378174,4369.148438
1344,4084.758057,4500.297363
1345,4284.987305,4146.604492
1346,3971.916992,4177.8125
1347,3993.976074,4465.745117
1348,4200.568359,4574.602539
1349,4227.718262,3977.931396
1350,3884.104736,4319.36377
1351,4232.384277,3964.927979
1352,3876.044678,4287.412598
1353,4209.901367,3965.670898
1354,4405.463867,4177.8125
1355,4008.82373,4518.130371
1356,3796.716553,4366.919434
1357,4212.022461,3950.066895
1358,4398.67627,4159.236328
1359,4003.308838,4113.538574
1360,4142.875488,3982.76123
1361,4212.022461,3937.806396
1362,3772.960693,4375.092773
1363,3976.15918,4525.561035
1364,4142.875488,3967.900146
1365,4111.483398,4610.640625
1366,4458.915039,4168.152832
1367,3957.493652,4513.300781
1368,4296.016602,4054.094238
1369,3742.417236,4389.58252
1370,4425.401855,4248.030762
1371,4305.773438,4064.49707
1372,3728.418213,4392.92627
1373,3952.827393,4490.637695
1374,4322.317871,4037.74707
1375,4448.30957,4128.770996
1376,4024.095459,4615.841797
1377,4436.855957,4113.166992
1378,3708.47998,4422.276855
1379,4380.01123,3960.469727
1380,4034.276611,4017.313232
1381,4474.61084,4238.371094
1382,4055.487305,3970.129395
1383,4488.609863,4236.14209
1384,4042.33667,3974.959229
1385,4036.397461,3995.764648
1386,4422.856445,4083.816406
1387,3661.392334,4386.610352
1388,4032.155518,3978.302979
1389,4184.448242,3803.313965
1390,3701.692627,4476.891113
1391,4186.14502,3787.709961
1392,4415.220703,4027.344238
1393,3623.212891,4383.266602
1394,4194.205078,3765.046875
1395,4370.253906,3876.133057
1396,4044.881836,3906.598389
1397,4198.022949,3750.185791
1398,3631.697266,4354.65918
1399,4566.665039,4221.652344
1400,3585.033691,4379.922852
1401,4638.357422,4150.690918
1402,3973.61377,3909.942139
1403,3594.366455,4429.335938
1404,3633.818359,4313.047852
1405,3549.823975,4363.575684
1406,4495.821289,4023.257568
1407,4262.503906,3789.938965
1408,3949.009521,3879.105469
1409,4117.84668,3737.553955
1410,3937.555664,3865.358887
1411,4535.697754,4025.486816
1412,3965.553711,3842.324219
1413,4173.842773,3637.984863
1414,4066.092529,3741.640625
1415,3528.188965,4494.353027
1416,4286.684082,3724.178955
1417,3627.879395,4213.479004
1418,4040.639648,3762.074707
1419,3502.312012,4472.804199
1420,3876.893066,3827.091797
1421,3443.346191,3648.759033
1422,3449.709473,3662.134033
1423,3428.074463,3658.047363
1424,3431.043945,3672.165283
1425,3490.009766,3620.523193
1426,3417.044922,3594.144775
1427,3449.709473,3700.772705
1428,3379.714111,3542.502686
1429,3338.141113,3564.794189
1430,3480.677002,3488.259766
1431,3263.055176,3605.290527
1432,3277.478516,3474.884766
1433,3520.553223,3543.98877
1434,3538.370117,3534.329102
1435,3556.187256,3543.98877
1436,3336.444336,3708.574707
1437,3380.138184,3420.64209
1438,3382.683594,3423.98584
1439,3408.136475,3461.138428
1440,3423.832275,3403.180176
1441,3374.623535,3763.932129
1442,3304.628174,3309.555664
1443,3019.556152,3735.324707
1444,3407.712158,3888.765137
1445,3427.226074,3885.049805
1446,2953.378906,3645.043945
1447,3473.04126,3877.619141
1448,3094.64209,3837.865967
1449,3227.421143,3196.611572
1450,2927.926025,3610.863525
1451,3126.882568,3881.706055
1452,3271.963623,3174.320068
1453,3279.175293,3170.233398
1454,3477.283447,3959.35498
1455,3136.215088,3894.709473
1456,3283.841797,3168.00415
1457,3083.612549,3879.848389
1458,3605.395996,3864.987305
1459,2874.475098,3535.815186
1460,3184.999756,3930.375977
1461,3630.424561,3864.244385
1462,3205.786377,3945.608643
1463,3194.756592,3958.240479
1464,2993.679199,3927.032227
1465,2827.811523,3470.426514
1466,3164.213379,3963.813232
1467,2820.175537,3460.023682
1468,3589.700195,3770.248291
1469,3143.851074,3975.330566
1470,3586.730469,3752.043457
1471,3726.297119,3830.435547
1472,3127.730957,3993.5354
1473,3563.822998,3754.644043
1474,3120.519287,4025.486816
1475,3744.114014,3867.216553
1476,2803.631348,3387.576172
1477,2939.379883,3840.466553
1478,3654.604736,3743.498291
1479,3497.645508,3777.678711
1480,3818.775635,3797.369629
1481,3703.389404,3736.810791
1482,3542.187988,3660.647949
1483,3450.557861,3781.022461
1484,3527.340576,3656.561035
1485,3522.674316,3656.561035
1486,2877.868652,3335.190918
1487,3849.319092,3813.345215
1488,3493.403564,3667.335449
1489,3775.505859,3733.838623
1490,3431.468262,4110.194824
1491,3627.031006,4185.243164
1492,2927.077637,3282.062744
1493,3929.495605,3765.418457
1494,3481.525391,4139.54541
1495,3463.28418,4159.979004
1496,3413.227051,4204.934082
1497,3410.257568,4208.648926
1498,2948.712402,3182.865234
1499,3394.137451,4232.055176
1500,3452.678955,4226.11084
1501,2972.044189,3182.12207
1502,2917.744873,3184.351318
1503,2959.742188,3144.5979
1504,2993.254883,3184.351318
1505,3070.88623,3309.184082
1506,3670.300781,3582.999023
1507,2467.229492,3656.561035
1508,2891.86792,3190.295654
1509,4037.670166,3674.394531
1510,3327.959961,4191.930664
1511,2972.892822,3117.476562
1512,2754.422363,3258.656494
1513,2974.5896,3113.76123
1514,4053.790283,3656.932617
1515,2861.324463,3190.295654
1516,4049.548096,3649.873779
1517,2500.318115,3692.970703
1518,3056.887207,3180.264648
1519,2746.362305,3296.552246
1520,3325.838867,4306.360352
1521,3630.000488,3525.412354
1522,3315.233643,4317.134766
1523,2529.164795,3700.029785
1524,3092.096924,3169.861816
1525,3029.313232,3061.004639
1526,2403.173096,3561.078857
1527,2496.075928,3714.519287
1528,3773.384766,3523.554688
1529,3553.641846,3607.891113
1530,3360.200195,4347.97168
1531,3541.763916,3610.491943
1532,2759.937256,3153.143066
1533,3137.912109,3146.455566
1534,3990.58252,3562.193604
1535,3392.44043,4369.891602
1536,3081.491455,3008.619385
1537,3393.288818,4315.648926
1538,2824.842041,3061.376221
1539,4242.141602,6846.11377
1540,4241.292969,6846.11377
1541,4236.626465,6846.11377
1542,4249.353027,6876.950684
1543,4256.140625,6884.380859
1544,4233.23291,6804.874512
1545,4289.229004,6853.544434
1546,4233.23291,6786.669434
1547,4172.994629,6847.97168
1548,4298.137695,6817.506348
1549,4265.048828,6706.419922
1550,4326.560059,6714.59375
1551,4051.245117,6882.89502
1552,4333.347656,6686.729004
1553,4349.467773,6658.864746
1554,4051.245117,6807.475098
1555,4376.617188,6618.739746
1556,4388.071289,6584.930664
1557,4809.739746,4854.361816
1558,4871.250977,4868.851074
1559,4866.160645,4880.368652
1560,4864.463379,4885.198242
1561,4889.067871,4894.85791
1562,4770.288086,4981.79541
1563,4938.701172,4890.02832
1564,4853.858398,4939.069824
1565,4776.651367,5012.631836
1566,4766.045898,5009.288086
1567,4851.312988,4983.652832
1568,4988.758301,4904.88916
1569,4781.317383,5037.895508
1570,4961.608398,4980.309082
1571,4856.40332,5021.176758
1572,4788.529297,5065.388672
1573,4789.801758,5069.475586
1574,4717.26123,5034.92334
1575,5030.755371,4933.868164
1576,4989.182617,4969.163086
1577,4856.827637,5050.15625
1578,4799.98291,5108.857422
1579,4907.309082,5010.774414
1580,4803.376953,5122.231934
1581,4805.921875,5127.062012
1582,5008.271973,5035.294922
1583,5032.452148,4968.048828
1584,4808.042969,5131.891602
1585,5075.297852,4963.21875
1586,4721.927734,5095.11084
1587,4901.794434,5089.537598
1588,4864.887695,5105.14209
1589,4676.960938,5081.73584
1590,5075.297852,4977.708496
1591,4648.538574,4952.073242
1592,4820.769531,5145.266602
1593,4733.805664,5124.833008
1594,5064.268555,4997.027832
1595,4738.047852,5122.231934
1596,4693.505371,5116.65918
1597,4801.679688,5171.273438
1598,4836.041016,5186.87793
1599,4951.851562,5069.847168
1600,4700.716797,5145.266602
1601,4599.753906,4928.666992
1602,4649.387207,5128.176758
1603,4606.96582,5018.20459
1604,4575.57373,4916.035156
1605,4693.081055,4879.625488
1606,4792.347168,5237.405273
1607,4710.473633,5185.02002
1608,4858.100586,5229.231445
1609,4656.598633,5154.92627
1610,5030.755371,5149.725098
1611,4553.090332,4911.205078
1612,5118.992188,5094.367676
1613,4782.590332,5255.609863
1614,4567.089355,5127.805176
1615,4590.421387,5054.98584
1616,4595.936035,5150.839844
1617,4972.213867,5205.454102
1618,4528.061523,4908.604492
1619,4672.71875,5190.964355
1620,4865.312012,5268.241699
1621,4767.318359,5274.186523
1622,4600.602539,5167.558105
1623,4875.068848,5270.842773
1624,4718.533691,5242.234863
1625,4571.331543,5160.499512
1626,4771.13623,5293.505859
1627,4550.121094,5160.499512
1628,5233.105469,5019.319336
1629,5237.771973,5020.805664
1630,4717.26123,5261.925781
1631,4538.242676,5031.57959
1632,4608.238281,5200.995605
1633,5241.589844,5011.145996
1634,4819.49707,5271.585449
1635,4779.620605,5317.654785
1636,4536.12207,5187.249023
1637,4743.138184,5305.766113
1638,5153.777832,5164.214355
1639,4697.747559,5261.925781
1640,5005.727051,5261.554688
1641,4783.438477,5334.373535
1642,5050.269531,5249.665527
1643,4457.64209,4902.660156
1644,4730.835938,5317.654785
1645,4783.862793,5339.575195
1646,4681.203125,5261.925781
1647,4553.090332,5193.193848
1648,4528.061523,5203.596191
1649,5258.134277,5050.15625
1650,4511.941406,5018.947754
1651,4887.371094,5331.029785
1652,4783.862793,5345.891113
1653,5021.422852,5267.870605
1654,4891.613281,5338.088867
1655,4980.698242,5288.304199
1656,4664.658691,5261.925781
1657,5063.844238,5266.755859
1658,5118.143555,5173.874512
1659,4988.758301,5283.103027
1660,4560.302246,5215.11377
1661,4830.950684,5322.484863
1662,4708.776855,5296.849609
1663,5199.168457,5151.954102
1664,4995.545898,5288.304199
1665,4890.34082,5358.894531
1666,4518.729004,5235.918945
1667,4752.89502,5355.179199
1668,4550.544922,5222.915527
1669,4704.534668,5342.918945
1670,4490.306641,5195.794434
1671,4642.175293,5257.839355
1672,4850.464355,5323.599121
1673,4517.032227,5241.86377
1674,5296.737793,5060.558594
1675,4342.255859,4893.37207
1676,4405.888184,4898.944824
1677,4263.352051,4887.056152
1678,4336.741211,4973.621582
1679,4347.770996,4806.806152
1680,4404.191406,4866.993652
1681,4336.316895,5024.149414
1682,4279.896484,4958.017578
1683,4270.139648,4826.868652
1684,4399.100586,4989.96875
1685,4255.716309,4954.673828
1686,4326.984375,4740.674805
1687,4389.34375,5015.975586
1688,4483.095215,4848.41748
1689,4431.34082,4998.885254
1690,4459.763184,4777.827148
1691,4136.512207,4878.13916
1692,4252.322754,4757.765137
1693,4424.553711,5032.322754
1694,4382.132324,5099.94043
1695,4245.535156,5040.125
1696,4403.342773,5134.121094
1697,4405.888184,5137.836426
1698,4142.026855,4814.236816
1699,4128.452148,4953.1875
1700,4234.081543,4684.202637
1701,4374.92041,5126.69043
1702,4428.795898,5152.325684
1703,4044.457764,4839.128906
1704,4236.626465,5119.259766
1705,4147.541504,4751.820312
1706,4452.551758,5167.558105
1707,4441.521973,5193.564941
1708,4060.153564,4804.577148
1709,4230.6875,5173.50293
1710,4438.976562,5213.255859
1711,4033.427979,4952.073242
1712,4152.632324,4688.289551
1713,3960.887451,4804.205566
1714,4049.548096,4725.070801
1715,4366.011719,5184.648438
1716,4027.489014,5020.0625
1717,4363.466797,5205.825684
1718,4427.098633,5303.908691
1719,3951.979004,4734.730469
1720,3948.161133,4692.004883
1721,3945.615723,4682.716797
1722,3943.070557,4673.799805
1723,3943.070557,4666.741211
1724,4408.009277,5420.939453
1725,4526.364746,5403.849121
1726,4446.612793,5459.949707
1727,4394.858398,5498.588379
1728,4574.725098,5452.519043
1729,4380.01123,5497.102051
1730,4437.704102,5502.303223
1731,4494.124512,5507.133301
1732,4498.791016,5511.591797
1733,4542.061035,5478.154297
1734,4323.166504,5492.272461
1735,4370.253906,5589.612305
1736,4654.477539,5390.845703
1737,4357.103516,5587.01123
1738,4426.674805,5599.643555
1739,4488.609863,5610.789062
1740,4417.766113,5598.157227
1741,4312.561035,5571.035645
1742,4242.56543,5482.983887
1743,4687.566406,5359.265625
1744,4698.595703,5436.915039
1745,4299.834473,5631.966309
1746,4726.169922,5462.550293
1747,4727.866699,5401.619629
1748,4172.994629,5475.182129
1749,4232.808594,5559.518555
1750,4750.350098,5403.849121
1751,4743.138184,5374.870117
1752,4761.379395,5400.133789
1753,4344.80127,5724.104492
1754,4652.780762,5666.518066
1755,4284.562988,5688.066406
1756,4696.474609,5632.337402
1757,4766.470215,5367.439453
1758,4476.307617,5738.96582
1759,4783.862793,5492.643555
1760,4779.620605,5385.644043
1761,4472.06543,5739.708496
1762,4532.303711,5272.328613
1763,4788.953613,5500.074219
1764,4792.771484,5497.102051
1765,4103.847656,5460.692383
1766,4165.358887,5551.716309
1767,4405.039551,5748.253906
1768,4521.274414,5257.839355
1769,4788.529297,5482.612793
1770,4725.745605,5609.303223
1771,4404.191406,5758.656738
1772,4811.437012,5369.668457
1773,4393.161621,5767.573242
1774,4464.005371,5782.0625
1775,4806.770508,5467.008301
1776,4736.774902,5592.212891
1777,4829.678223,5467.008301
1778,4380.859375,5777.23291
1779,4595.087402,5711.472656
1780,4116.574219,5412.765625
1781,4376.617188,5780.205078
1782,4464.005371,5802.868164
1783,4051.245117,5444.345215
1784,4834.768555,5401.991211
1785,4828.82959,5439.887207
1786,4572.604492,5718.90332
1787,4072.031494,5524.966797
1788,4469.52002,5821.815918
1789,4828.82959,5414.251953
1790,4355.831055,5794.323242
1791,4844.949707,5380.071289
1792,4477.15625,5842.993164
1793,4589.148438,7908.307129
1794,4600.602539,7876.727539
1795,4632.842773,7917.966797
1796,4568.786133,7877.470703
1797,4520.425781,7893.817871
1798,4646.841797,7876.355957
1799,4525.092285,7873.383789
1800,4531.879883,7877.470703
1801,4557.33252,8002.674805
1802,4685.020996,7875.612793
1803,4501.760254,7859.637207
1804,4542.061035,8054.316895
1805,4727.866699,7876.355957
1806,4477.15625,7909.793457
1807,4529.758789,8095.928223
1808,4818.648438,7879.699707
1809,4749.077148,7745.20752
1810,4425.401855,8014.192383
1811,4522.971191,8194.753906
1812,4410.554688,8043.542969
1813,4387.222656,8093.69873
1814,4673.991211,7720.686523
1815,4670.17334,8059.146973
1816,4937.004395,7881.557617
1817,4660.416504,7750.037109
1818,4959.911621,7882.300293
1819,4514.0625,8292.46582
1820,4513.638672,8299.15332
1821,4630.72168,7742.234863
1822,4630.297363,7593.25293
1823,4355.406738,8162.05957
1824,4623.509766,7750.037109
1825,4818.648438,7601.055176
1826,4300.258789,8001.560547
1827,4510.668945,8330.732422
1828,5009.120605,7883.415039
1829,4276.078613,7992.643555
1830,4584.90625,8296.551758
1831,4653.205078,7547.183594
1832,4951.003418,7724.401855
1833,4945.912598,7785.332031
1834,4320.196777,8230.420898
1835,4665.507324,7523.034668
1836,4743.138184,7575.791504
1837,4855.979492,7524.149414
1838,4263.776367,8133.452148
1839,5081.661133,7884.901367
1840,4813.981934,8145.712402
1841,4423.280762,8314.756836
1842,5015.908203,7793.505859
1843,4653.629395,8296.551758
1844,4240.868652,8126.021484
1845,4252.322754,8164.289062
1846,4499.215332,8447.020508
1847,4775.802734,8145.712402
1848,4252.322754,8192.15332
1849,4885.674316,7462.847168
1850,4333.347656,8318.84375
1851,5083.782227,7814.682617
1852,4495.397461,8487.516602
1853,4247.65625,8212.21582
1854,4564.120117,7485.510254
1855,4447.036621,8447.020508
1856,4907.309082,8145.34082
1857,4559.453613,8467.454102
1858,5095.23584,7774.558105
1859,4711.746582,8146.455566
1860,4930.216797,7476.59375
1861,4472.489746,8515.380859
1862,4222.627441,8333.333008
1863,4579.815918,7447.986328
1864,4761.379395,8266.458984
1865,5108.386719,7745.950195
1866,4953.124512,7494.798828
1867,4919.187012,7394.115234
1868,4456.369629,8539.530273
1869,4953.124512,8144.969727
1870,4740.168945,7372.194824
1871,5012.938477,7580.621094
1872,4799.558594,8282.0625
1873,4632.842773,8483.058594
1874,4534.849121,7435.726074
1875,4353.709961,8454.822266
1876,4756.713379,7338.014648
1877,4532.728027,7423.836914
1878,4440.249512,8585.970703
1879,4532.728027,7413.806152
1880,4167.055664,8386.089844
1881,5134.687988,7690.964355
1882,5049.420898,7582.479004
1883,4459.338867,7446.5
1884,4895.855469,8253.827148
1885,5019.726074,7518.947754
1886,4846.222168,7368.479492
1887,4614.601562,7365.507324
1888,5186.866211,7776.043945
1889,5301.828125,7886.387207
1890,4546.302734,7389.656738
1891,4962.457031,7304.205566
1892,4480.125488,7410.462402
1893,4781.317383,8348.194336
1894,4422.008301,8642.071289
1895,5064.692871,8144.226562
1896,4690.959961,7312.007812
1897,4879.735352,8305.84082
1898,4576.422363,7347.674316
1899,4717.685547,8491.232422
1900,5171.17041,7812.082031
1901,4669.749512,8591.916016
1902,4405.888184,8648.015625
1903,5166.503906,7624.833008
1904,4784.287109,8381.631836
1905,5209.349609,7716.971191
1906,4441.097656,8662.133789
1907,5213.591797,7717.342773
1908,5054.935547,7441.298828
1909,4681.203125,8607.891602
1910,5225.04541,7719.200684
1911,5004.454102,8596.745117
1912,5009.544922,8652.102539
1913,4925.550293,8607.148438
1914,5097.78125,8584.485352
1915,5107.538086,8582.999023
1916,5113.901367,8582.255859
1917,4920.884277,8575.197266
1918,4993.000488,8479.714844
1919,5132.566895,8601.947266
1920,5018.029297,8744.613281
1921,4967.547852,8452.592773
1922,5105.416992,8523.183594
1923,5180.927246,8601.947266
1924,4934.883301,8467.083008
1925,5148.687012,8517.239258
1926,5015.908203,8429.558594
1927,4915.793457,8475.256836
1928,5173.291504,8653.960938
1929,5061.723145,8807.029297
1930,5099.902344,8446.648438
1931,4915.793457,8511.666016
1932,4841.556152,8480.085938
1933,5284.01123,8567.766602
1934,5093.963379,8392.40625
1935,4967.547852,8357.854492
1936,5071.055664,8881.334961
1937,5240.741699,8489.00293
1938,5161.837891,8430.672852
1939,5288.677734,8557.735352
1940,4868.281738,8358.225586
1941,4794.892578,8482.686523
1942,4673.991211,8639.842773
1943,4967.547852,8309.926758
1944,5078.691895,8326.274414
1945,4791.074707,8447.763672
1946,5221.227539,8402.4375
1947,5068.510742,8314.756836
1948,5024.816406,8953.410156
1949,4850.888672,8580.398438
1950,4653.629395,8690.370117
1951,4733.805664,8449.992188
1952,5154.20166,8306.211914
1953,5225.894043,8329.618164
1954,4609.935059,8746.470703
1955,5258.134277,8315.5
1956,5031.179688,9044.805664
1957,5031.179688,9050.007812
1958,4609.935059,8776.564453
1959,5285.708008,8317.357422
1960,5005.302734,9073.041992
1961,5181.775879,8253.827148
1962,5335.341309,8354.138672
1963,5326.008789,8368.256836
1964,4931.06543,9047.77832
1965,5361.218262,8369.743164
1966,5321.766602,8382.375
1967,5138.081543,8966.785156
1968,5323.887695,8396.493164
1969,5388.79248,8375.6875
1970,5142.748047,8162.431152
1971,4892.037598,9037.74707
1972,5400.246094,8370.857422
1973,5131.294434,8134.195312
1974,5162.686035,8917.000977
1975,5340.007812,8534.329102
1976,5443.939941,8351.538086
1977,4903.491211,9206.419922
1978,4913.248047,8992.049805
1979,5426.97168,8413.954102
1980,5189.411621,8927.032227
1981,4405.463867,8808.143555
1982,4889.067871,9210.87793
1983,5370.126953,8480.829102
1984,4921.732422,8970.500977
1985,5471.938477,8338.90625
1986,5379.035156,8488.259766
1987,4920.459961,8954.15332
1988,5240.741699,8158.71582
1989,5385.822754,8493.460938
1990,5465.999023,8393.892578
1991,5420.608398,8310.669922
1992,5390.489258,8490.860352
1993,4797.013672,9013.969727
1994,5103.720215,8865.730469
1995,4858.94873,8971.987305
1996,5259.831055,8158.344238
1997,5121.961426,8039.456055
1998,4969.244629,9184.871094
1999,5509.693359,8321.816406
2000,4911.975586,8922.945312
2001,4827.132812,9226.853516
2002,5278.072266,8155.743652
2003,5499.512207,8390.176758
2004,4396.131348,8738.296875
2005,4993.849121,9008.396484
2006,5401.518555,8278.71875
2007,5240.741699,8113.76123
2008,5210.622559,8821.518555
2009,4416.493652,8885.420898
2010,5381.15625,8330.732422
2011,5529.631348,8313.270508
2012,4870.402344,8939.292969
2013,5395.57959,8268.6875
2014,4820.345215,8960.097656
2015,4928.095703,8896.938477
2016,5547.023926,8305.84082
2017,4993.849121,8956.382812
2018,5228.86377,8794.025391
2019,5289.526367,8198.097656
2020,5194.078125,8111.903809
2021,5356.12793,8298.78125
2022,5333.220215,8148.313477
2023,5290.374512,8107.816895
2024,5240.741699,8063.233887
2025,4425.826172,8933.719727
2026,5473.210938,8261.628906
2027,5574.598145,8293.580078
2028,4726.59375,8949.695312
2029,5224.197266,4199.732422
2030,5225.469727,4185.98584
2031,5223.348633,4214.964844
2032,5261.527832,4211.25
2033,5172.867188,4184.128418
2034,5178.806152,4171.868164
2035,5205.531738,4279.239258
2036,5274.254395,4120.597656
2037,5197.47168,4148.461914
2038,5327.28125,4232.79834
2039,5119.840332,4164.4375
2040,5173.291504,4272.92334
2041,5239.893066,4285.926758
2042,5295.041016,4092.73291
2043,5146.565918,4267.72168
2044,5359.097168,4244.31543
2045,5309.464355,4085.30249
2046,5329.402344,4142.517578
2047,5147.414551,4110.194824
2048,5331.947754,4063.753906
2049,5228.86377,4355.030273
2050,5411.275391,4258.433594
2051,5261.104004,4060.410156
2052,5342.977051,4305.617676
2053,5352.733887,4040.347656
2054,5380.732422,4159.60791
2055,5074.025391,4253.232422
2056,5360.793945,4027.71582
2057,5179.230469,4049.264404
2058,5378.611328,4312.67627
2059,5383.277344,4022.514404
2060,5466.847656,4262.148926
2061,5429.092773,4172.239746
2062,5101.599121,4391.068359
2063,5411.275391,4323.450684
2064,5195.350586,4015.455566
2065,4993.000488,4232.055176
2066,5208.925293,4476.891113
2067,5449.030762,4011.740234
2068,4990.455078,4255.833008
2069,5215.712891,3973.473145
2070,5482.967773,4099.048828
2071,4987.48584,4188.215332
2072,5220.379395,3955.639648
2073,5015.483887,4381.408691
2074,5474.059082,4372.86377
2075,5489.755371,3993.906982
2076,5087.175781,4478.748535
2077,5577.567383,4271.06543
2078,4963.305664,4297.81543
2079,5502.481445,3988.333984
2080,5146.565918,4470.203613
2081,5198.320312,4539.679199
2082,4973.486816,4154.40625
2083,5467.696289,4391.811523
2084,5531.328125,4100.535156
2085,5334.068848,3893.594971
2086,5136.384766,4465.002441
2087,5034.573242,3994.278564
2088,5505.875488,4341.28418
2089,5148.687012,3941.521729
2090,5589.445312,4193.788086
2091,5245.407715,4521.845703
2092,5538.963867,4038.861572
2093,5448.606445,4444.196777
2094,5452.424316,3925.174561
2095,4929.79248,4110.566406
2096,5380.732422,3865.358887
2097,5028.210449,3951.924561
2098,5150.383789,4407.787109
2099,4890.34082,4016.570068
2100,5128.749023,4566.428711
2101,4884.825684,4014.712402
2102,4927.671387,4096.448242
2103,5601.747559,4095.705078
2104,5071.47998,4577.203125
2105,5579.264648,4030.31665
2106,5437.57666,4480.978027
2107,4912.399902,4078.61499
2108,5077.418945,4588.720703
2109,5585.627441,4040.719238
2110,5625.503906,4117.253906
2111,5602.596191,4025.858154
2112,5706.952637,4279.981934
2113,5633.139648,4124.3125
2114,4841.980469,4005.795898
2115,5607.262695,4037.003906
2116,4896.703613,3962.69873
2117,5526.237793,3922.573975
2118,5484.240234,4480.978027
2119,5385.822754,4487.665527
2120,5691.256836,4199.36084
2121,5737.92041,4279.981934
2122,4904.339844,3927.032227
2123,5559.750488,4120.597656
2124,4904.339844,3917.372559
2125,5520.298828,3878.733887
2126,5717.133789,4224.625
2127,5650.108398,4434.165527
2128,5752.34375,4319.735352
2129,5670.046387,4361.346191
2130,5512.23877,3859.042969
2131,5594.111816,3920.344727
2132,5664.53125,4442.710449
2133,5486.785645,4548.595703
2134,5342.977051,4657.452637
2135,4887.371094,3870.931885
2136,5647.562988,4456.457031
2137,5740.041504,4372.492188
2138,5507.996582,4578.317871
2139,5229.287598,4712.810059
2140,5784.583984,4220.538086
2141,5589.869629,3866.102051
2142,5477.877441,3812.973633
2143,5650.956543,3918.487061
2144,5709.07373,4405.929688
2145,5473.210938,3815.202881
2146,5805.794922,4219.42334
2147,4201.416992,1496.136108
2148,4170.873535,1502.080566
2149,4204.38623,1532.917236
2150,4156.025879,1499.108276
2151,4251.049805,1485.733398
2152,4122.513184,1487.219482
2153,4287.956543,1473.10144
2154,4119.543457,1471.615356
2155,4206.083008,1398.424683
2156,4336.741211,1451.181396
2157,4341.407715,1658.864624
2158,3996.097168,1598.305786
2159,3991.430908,1374.275513
2160,4212.022461,1235.324707
2161,4290.077637,1701.96167
2162,3962.584229,1350.497803
2163,4213.719238,1182.939575
2164,4283.290039,1729.08313
2165,3976.15918,1332.664551
2166,4422.008301,1733.169922
2167,4511.093262,1371.303345
2168,4290.077637,1746.916382
2169,4342.680176,1239.039917
2170,4226.445312,1672.239502
2171,4500.912109,1347.897217
2172,4085.182129,1671.125
2173,3898.10376,1665.923584
2174,4488.609863,1338.980591
2175,4206.083008,1678.555542
2176,4206.083008,1662.579834
2177,4197.599121,1673.354126
2178,4564.968262,1347.154053
2179,3902.77002,1480.903564
2180,4212.022461,1093.773193
2181,4311.712402,1186.654785
2182,3869.681396,1278.421753
2183,4437.279785,1337.122925
2184,4195.053711,1734.284424
2185,3934.161865,1719.794922
2186,4487.76123,1654.03479
2187,4218.385254,1061.450439
2188,3887.498291,1257.616333
2189,4016.0354,1212.661621
2190,4090.697021,1129.068237
2191,3828.956787,1713.107422
2192,3863.318115,1526.972778
2193,3832.350586,1249.442749
2194,3961.311768,1518.056152
2195,4230.6875,1030.985229
2196,4399.524902,1871.749146
2197,4374.92041,1179.595825
2198,3947.736816,1766.97876
2199,4049.124023,1110.863403
2200,3952.827393,1779.610596
2201,4246.807617,1007.579163
2202,3962.584229,1199.658203
2203,3957.06958,1779.610596
2204,4395.282715,1900.356689
2205,3909.133301,1191.113037
2206,3817.078857,1493.906982
2207,3825.987305,1570.812866
2208,3804.352539,1406.969849
2209,3775.930176,1206.345703
2210,3814.109375,1396.195557
2211,3955.796875,1814.90564
2212,3971.068604,1162.877075
2213,4195.053711,1849.45752
2214,3946.464111,1251.671875
2215,3800.534424,1600.535034
2216,4290.92627,966.711243
2217,4013.48999,1781.839844
2218,3974.038086,1834.968018
2219,3869.25708,1147.644531
2220,3781.869141,1538.861694
2221,4694.353516,1467.157104
2222,3964.705322,1850.943726
2223,4318.075684,945.905762
2224,3891.316406,1825.679932
2225,3964.705322,1874.721313
2226,4264.200684,1856.516602
2227,3883.68042,1108.634277
2228,3752.174072,1566.354614
2229,4383.404785,2014.043701
2230,3924.829346,1162.877075
2231,4487.76123,1077.054565
2232,3964.705322,1902.585815
2233,3920.162842,1054.391479
2234,3682.178711,1821.9646
2235,3855.682373,1830.509766
2236,4197.174805,1941.224609
2237,3677.936523,1825.30835
2238,3706.358887,1291.796753
2239,3673.69458,1153.588989
2240,4510.668945,1056.249023
2241,4270.139648,1807.103638
2242,4553.514648,1920.790649
2243,3969.371826,1938.252319
2244,4384.677246,894.263611
2245,4527.637695,1109.377319
2246,3809.867188,1830.509766
2247,3944.767334,1006.83606
2248,4253.595215,1936.394653
2249,3653.756348,1774.03772
2250,3632.121582,1128.696655
2251,4398.67627,880.14563
2252,4413.099609,1000.148621
2253,3753.022461,1827.909058
2254,3701.268311,1717.565796
2255,3789.504883,1082.998901
2256,3987.613037,1986.179199
2257,3668.179688,1694.159668
2258,4645.14502,1932.679443
2259,3998.218262,2029.647827
2260,3585.88208,1182.196411
2261,3812.412598,1359.786011
2262,3803.079834,1020.210999
2263,4437.279785,811.041748
2264,3702.116943,1059.592773
2265,8219.573242,2781.988525
2266,8228.90625,2803.536865
2267,8202.180664,2744.092773
2268,8249.268555,2844.404785
2269,8255.631836,2867.811035
2270,8323.505859,2766.384277
2271,8256.479492,2886.758789
2272,8087.218262,2802.050781
2273,8167.39502,2640.06543
2274,8296.780273,2901.248291
2275,8164.000977,2627.433594
2276,8393.077148,2798.707031
2277,8157.213867,2601.426758
2278,8028.252441,2809.481445
2279,8405.378906,2802.422363
2280,8088.491211,2872.269287
2281,8344.716797,2913.880127
2282,8417.681641,2802.422363
2283,8019.344238,2823.227783
2284,8153.819824,2875.984619
2285,8321.384766,2964.779297
2286,8111.822754,2683.162354
2287,8382.895508,2908.307373
2288,8335.807617,2982.612549
2289,8148.729492,2546.069336
2290,8033.767578,2879.699707
2291,8137.275879,2531.951172
2292,8362.533203,3029.424805
2293,8360.412109,3078.094727
2294,7933.228516,2892.331787
2295,8536.885742,2874.126953
2296,8027.828613,2446.500244
2297,8397.319336,3124.535645
2298,8320.112305,3126.393311
2299,8397.743164,3142.740479
2300,8411.742188,3166.146484
2301,8590.335938,2867.067871
2302,7983.286133,2415.291992
2303,7970.983887,2413.434326
2304,8270.054688,3171.3479
2305,7948.500488,2417.149658
2306,7777.966309,2912.022705
2307,8444.40625,3223.361572
2308,8665.421875,2861.495117
2309,8733.720703,2730.346191
2310,8214.482422,3187.695068
2311,7732.999512,2912.022705
2312,8393.924805,3256.42749
2313,7986.679688,2266.681641
2314,7704.152832,2908.307373
2315,7968.438477,2224.327637
2316,8664.149414,2644.1521
2317,8334.111328,3279.833496
2318,7954.015137,2213.181641
2319,8659.907227,2629.662598
2320,8664.149414,2611.829346
2321,8562.337891,3348.565918
2322,8281.083984,3294.322998
2323,8839.774414,2867.067871
2324,7736.393555,2487.739746
2325,7726.63623,2490.711914
2326,7727.90918,2478.079834
2327,7724.091309,2451.330078
2328,7691.002441,2499.628418
2329,8903.40625,2870.783203
2330,8617.486328,3406.152588
2331,7701.183594,2406.375488
2332,7476.350098,2850.720703
2333,7941.712891,2038.935913
2334,8151.699219,3306.955078
2335,8803.71582,2540.496338
2336,7621.431152,2498.142334
2337,8816.018555,2533.808838
2338,7912.018066,2040.793579
2339,8676.875977,3477.114014
2340,7438.595215,2847.376953
2341,7664.276855,2353.990234
2342,7418.23291,2850.349121
2343,7934.077148,1979.120239
2344,7401.688477,2852.578369
2345,7963.347656,1962.773071
2346,8194.544922,3402.065674
2347,7395.749512,2805.766113
2348,8044.372559,3322.930664
2349,7366.902832,2865.210205
2350,7926.441406,1921.533691
2351,7383.022949,2797.964111
2352,7959.529785,1923.391235
2353,7338.056152,2881.557373
2354,7631.612305,2259.622559
2355,7429.262207,2774.929443
2356,7481.864746,2548.29834
2357,8951.342773,2462.104248
2358,7340.177246,2771.585693
2359,7313.45166,2901.619873
2360,8244.177734,3455.937012
2361,7313.45166,2906.449707
2362,8771.475586,3608.262695
2363,7313.45166,2931.713379
2364,7484.410156,2754.866943
2365,7939.591797,3355.253418
2366,7338.056152,2709.912354
2367,7338.056152,2702.853271
2368,7506.893555,2754.866943
2369,7408.051758,2587.680176
2370,9009.036133,2422.351074
2371,7523.437988,2754.866943
2372,8301.446289,3499.033936
2373,7521.316895,2767.498779
2374,7602.766113,2151.508301
2375,7288.847168,2978.525879
2376,7348.237305,2666.443848
2377,8372.714844,2004.384033
2378,7237.517578,2962.178711
2379,7372.41748,2621.860596
2380,8344.716797,3507.950684
2381,8832.987305,3696.314453
2382,8849.53125,3711.175537
2383,4896.279785,6003.492188
2384,4883.977539,5948.87793
2385,4822.041992,6012.40918
2386,4919.187012,6109.377441
2387,5006.575195,5989.746094
2388,4832.223145,6058.478027
2389,4869.554199,5881.260254
2390,4880.583496,5866.770508
2391,4752.471191,6020.58252
2392,4852.161133,5870.857422
2393,4868.281738,5860.45459
2394,4855.130859,5854.138672
2395,4991.303711,5926.958008
2396,4827.557129,6102.689941
2397,4710.897949,6005.350098
2398,4824.163086,6132.783691
2399,4936.155762,5875.6875
2400,4714.291992,5979.343262
2401,4682.05127,6032.471191
2402,4710.049805,6095.259277
2403,4966.274902,5863.055664
2404,4903.915527,5793.95166
2405,5068.510742,5897.979004
2406,4779.196777,5799.895996
2407,5076.994629,5889.0625
2408,4691.808594,6127.210449
2409,4740.593262,5925.100098
2410,4707.080078,5925.100098
2411,5087.175781,5892.777344
2412,4648.962891,6066.280273
2413,4945.912598,5811.041992
2414,4762.652344,5815.5
2415,4934.883301,5740.45166
2416,4816.527344,5759.399414
2417,4620.116211,6095.259277
2418,4700.716797,5871.600586
2419,4969.244629,5730.42041
2420,4707.080078,5862.3125
2421,4820.769531,5734.135742
2422,4837.313965,5697.726074
2423,4851.737305,5686.952148
2424,4994.272949,5794.323242
2425,5056.632812,5704.413574
2426,5042.209473,5679.521484
2427,4913.672363,5641.625977
2428,5103.296387,5652.399902
2429,4998.09082,5603.72998
2430,4988.758301,5593.69873
2431,5134.263672,5636.052734
2432,4982.819336,5586.640137
2433,5141.475586,5624.907227
2434,4970.941406,5581.438477
2435,5138.081543,5842.993164
2436,4960.335938,5576.237305
2437,5029.058594,5586.640137
2438,5158.868164,5600.014648
2439,4954.821289,5544.286133
2440,5052.390625,5569.921387
2441,5020.574219,5560.633301
2442,5176.685059,5817.729004
2443,4945.064453,5528.681641
2444,5209.349609,5656.858398
2445,5165.655762,5899.093262
2446,5169.049316,5896.864258
2447,5038.391602,5543.542969
2448,4936.580078,5511.591797
2449,5194.078125,5547.629883
2450,4932.762207,5506.761719
2451,5149.111328,5911.354004
2452,5079.540039,5532.396973
2453,5180.079102,5916.926758
2454,5049.845215,5524.223633
2455,4910.278809,5508.990723
2456,5197.47168,5877.544922
2457,5190.684082,5937.36084
2458,5122.385742,5942.19043
2459,5226.318359,5756.427246
2460,5273.830078,5685.837402
2461,5055.359863,5487.442383
2462,4903.066895,5464.036133
2463,4956.09375,5459.206543
2464,5229.287598,5496.730469
2465,5228.439453,5832.21875
2466,5042.633301,5461.807129
2467,5253.89209,5480.754883
2468,5106.689941,5989.746094
2469,5257.285645,5882.375
2470,5147.838867,5997.17627
2471,4965.850586,5398.275879
2472,5274.678711,5460.692383
2473,4887.79541,5395.675293
2474,4946.76123,5397.904785
2475,4891.613281,5382.671875
2476,5300.131348,5494.873047
2477,5278.072266,5840.763672
2478,5051.117676,5398.275879
2479,4970.51709,5368.925781
2480,5095.23584,5386.387207
2481,4926.823242,5396.790039
2482,5284.859863,5424.282715
2483,5052.390625,5372.269043
2484,5024.816406,5394.561035
2485,5292.495605,5809.927246
2486,5282.73877,5403.477539
2487,4935.731445,5343.290039
2488,5306.918945,5793.580078
2489,5056.632812,5344.404785
2490,5350.612793,5549.858887
2491,5281.466309,5367.811035
2492,5321.342285,5779.090332
2493,5062.147461,5322.484863
2494,4967.123535,5323.228027
2495,5106.689941,5315.054199
2496,5007.423828,5291.276367
2497,5062.147461,5309.109863
2498,5340.855957,5408.307129
2499,5340.007812,5769.059082
2500,5055.359863,5301.679199
2501,2614.007568,4277.009766
2502,2558.859619,4262.89209
2503,2673.821777,4322.70752
2504,2534.679443,4256.20459
2505,2701.395752,4299.301758
2506,2716.243164,4315.648926
2507,2714.12207,4352.429688
2508,2716.243164,4331.624512
2509,2518.135254,4317.87793
2510,2699.69873,4413.731445
2511,2430.322754,4226.482422
2512,2378.99292,4212.364258
2513,2409.112061,4297.81543
2514,2675.518555,4499.182617
2515,2881.262451,4475.776367
2516,2548.678467,4379.55127
2517,2545.284912,4390.325684
2518,2855.80957,4494.724121
2519,2524.074219,4449.397949
2520,2468.502197,4370.263184
2521,2513.46875,4503.641113
2522,2173.67334,4159.979004
2523,2511.347656,4486.179199
2524,2987.315918,4553.796875
2525,2165.613281,4168.895996
2526,2349.722168,4500.668945
2527,2159.25,4152.548828
2528,2157.128906,4174.46875
2529,2144.82666,4168.895996
2530,2140.584473,4158.121582
2531,2448.563965,4429.335938
2532,2381.962402,4507.356445
2533,2280.575195,4485.807617
2534,2215.246338,4457.571777
2535,2178.763916,4441.596191
2536,2168.158447,4557.512207
2537,2104.102051,4416.33252
2538,1984.473755,4381.780273
2539,1976.837891,4381.408691
2540,2093.07251,4689.404297
2541,1945.870239,4323.450684
2542,1868.66333,4375.835938
2543,2185.126953,4724.699219
2544,1920.841675,4269.57959
2545,2207.610352,4740.674805
2546,1902.17627,4244.31543
2547,1788.486816,4368.033691
2548,2003.563354,4845.816406
2549,1960.717773,4191.930664
2550,1979.383179,4882.226074
2551,1698.977661,4305.246094
2552,1764.730835,4487.665527
2553,1931.022827,4969.534668
2554,1928.901733,4972.878418
2555,1756.670776,4517.387207
2556,2409.960449,4793.802734
2557,2161.371094,4887.056152
2558,1676.494263,4251.374512
2559,1846.179932,4830.212402
2560,2018.410889,4985.510254
2561,2386.20459,4869.594238
2562,1821.575562,4940.555664
2563,2256.819336,4907.489746
2564,1621.77063,4162.951172
2565,1674.797485,4606.925293
2566,2143.553955,4994.427246
2567,1755.822388,4792.316895
2568,2156.70459,4995.169922
2569,2370.508545,4917.892578
2570,1829.63562,4908.604492
2571,2541.467041,4839.500488
2572,2080.346191,4991.82666
2573,1599.287354,4132.114746
2574,1845.755737,5110.714844
2575,2311.118652,4853.618652
2576,2215.246338,5004.458496
2577,1779.578369,5039.381836
2578,1816.90918,5161.61377
2579,2444.321777,4960.989746
2580,2447.291504,4954.673828
2581,1777.033081,5080.992676
2582,1740.126465,4869.594238
2583,1846.604126,5153.068848
2584,1545.412109,4055.951904
2585,2216.943115,4828.35498
2586,2461.290527,4925.694824
2587,1751.5802,5180.561523
2588,1893.2677,5148.981934
2589,2497.772949,4925.694824
2590,2429.474365,5049.413086
2591,1504.263306,3997.993652
2592,2457.472412,4855.476074
2593,2144.82666,4803.091309
2594,2462.987305,4841.72998
2595,1946.71875,5146.381348
2596,2422.687012,5089.537598
2597,1497.900146,3965.670898
2598,1679.463745,5200.252441
2599,1945.021851,5128.919434
2600,1893.2677,5225.516602
2601,1953.930298,5108.48584
2602,2602.553711,4944.270996
2603,1953.930298,5092.510254
2604,2789.208008,4922.351074
2605,2004.411865,5148.981934
2606,1522.928833,3918.487061
2607,1626.861206,5208.42627
2608,2410.809082,5160.871094
2609,2624.188721,4947.986328
2610,1695.159668,5267.870605
2611,2436.261719,5169.416016
2612,1543.291016,3878.733887
2613,2653.035156,4960.618164
2614,1792.30481,5241.120605
2615,2073.134521,5154.183594
2616,2360.751709,5148.981934
2617,1545.412109,3853.469971
2618,2550.375488,5091.76709
2619,2935.986084,4691.633301
2620,2888.474121,4733.615723
2621,2858.35498,4778.941895
2622,2822.720947,4856.59082
2623,3676.664062,4844.702148
2624,3632.121582,4849.90332
2625,3635.091064,4863.27832
2626,3629.1521,4834.299316
2627,3633.394043,4820.924316
2628,3642.302734,4793.802734
2629,3668.179688,4817.580566
2630,3661.816406,4791.945312
2631,3652.483887,4760.737305
2632,3699.99585,4744.390137
2633,3710.177002,4771.139648
2634,3687.693604,4707.608887
2635,3689.390381,4678.629883
2636,3358.92749,4521.102539
2637,3366.987549,4512.186035
2638,3336.868408,4497.696777
2639,3296.992432,4492.123535
2640,3255.419434,4461.658691
2641,2227.124268,4094.590576
2642,2230.518066,4098.305664
2643,2211.00415,4102.020996
2644,2246.638184,4117.625
2645,2196.580811,4100.163574
2646,2253.849854,4126.541992
2647,2259.788818,4112.052246
2648,2190.217529,4092.73291
2649,2268.272949,4123.198242
2650,2521.953125,3397.979004
2651,2353.540039,3486.4021
2652,2204.216797,3564.794189
2653,2564.374512,3843.067383
2654,2628.430908,3868.331055
2655,2673.821777,3877.619141
2656,2692.487061,3875.761719
2657,2760.785645,3839.352051
2658,2765.027832,3826.720215
2659,2682.305908,3620.523193
2660,2659.398438,3624.238281
2661,2475.713623,3524.297852
2662,2504.560303,3509.436768
2663,2498.621338,3500.52002
2664,2496.075928,3496.804932
2665,2266.151855,3629.811279
2666,2049.802734,3706.717285
2667,2054.044922,3686.654785
2668,2154.159424,3666.963867
2669,2170.279541,3704.488037
2670,2126.161377,3600.089111
2671,2179.612305,3575.568359
2672,2006.108643,3636.127197
2673,1911.933105,3675.880615
2674,1853.815796,3695.942871
2675,1758.79187,3694.085205
2676,1676.070068,3710.432373
2677,1606.498901,3672.536865
2678,1556.865967,3666.963867
2679,1540.321533,3674.394531
2680,1530.140381,3744.984375
2681,1524.62561,3770.248291
2682,1530.988892,3811.859131
2683,2877.020264,4801.976562
2684,3325.838867,4959.875
2685,2699.69873,3982.389648
2686,2855.80957,4029.573486
2687,2816.781982,4118.368164
2688,2802.358643,4136.20166
2689,2972.892822,4068.58374
2690,2756.543457,4170.753418
2691,2736.605469,4255.833008
2692,2731.938965,4274.037598
2693,2748.483398,4277.381348
2694,3156.15332,4135.830078
2695,3448.012451,4424.134277
2696,3460.739014,4440.481445
2697,3425.529297,4395.155273
2698,3486.191895,4398.870605
2699,3440.801025,4346.11377
2700,3173.545898,4562.342285
2701,3131.548828,4532.248535
2702,3124.761475,4527.790039
2703,3220.209473,4417.446777
2704,3245.662354,4390.325684
2705,3064.098877,4258.062012
2706,6338.60791,8179.149902
2707,6338.60791,8174.691406
2708,6347.94043,8275.74707
2709,6366.605957,8486.030273
2710,6389.513184,8727.151367
2711,6398.421875,8747.213867
2712,6401.391602,8797.369141
2713,6403.088379,8821.518555
2714,6400.967285,8841.581055
2715,6470.538086,8769.504883
2716,6268.187988,7426.80957
2717,6410.299805,8941.150391
2718,6535.442871,8743.126953
2719,6484.113281,8849.011719
2720,6560.47168,8790.681641
2721,6610.10498,8712.290039
2722,6581.258301,8808.515625
2723,6501.081543,8932.976562
2724,6255.885742,7303.091309
2725,6549.018066,8917.000977
2726,6647.01123,8781.393555
2727,6425.571777,9107.222656
2728,6610.953125,8890.994141
2729,6266.066895,7243.275391
2730,6696.644531,8676.995117
2731,6658.889648,8821.518555
2732,6661.43457,8829.321289
2733,6656.768555,8835.265625
2734,6653.798828,8839.352539
2735,6282.611328,7195.720215
2736,6284.732422,7191.633301
2737,6726.339355,8735.696289
2738,6498.536621,9080.472656
2739,6294.913574,7170.456055
2740,6733.126953,8768.018555
2741,6478.174316,9038.861328
2742,6437.449707,9231.683594
2743,6299.155762,7125.129883
2744,6475.628906,9024.743164
2745,6353.455078,7226.185059
2746,6480.29541,9010.625977
2747,6575.743652,9051.12207
2748,6369.999512,7203.521973
2749,6299.155762,7089.091797
2750,6735.672363,8831.921875
2751,6571.077148,9041.09082
2752,6737.793457,8841.953125
2753,6372.544922,7185.688965
2754,6504.899902,9227.59668
2755,6517.20166,8994.650391
2756,6445.934082,9320.107422
2757,6751.79248,8876.132812
2758,6380.180664,7136.647461
2759,6420.480957,7200.178223
2760,6382.726074,7120.300293
2761,6623.679688,9132.114258
2762,6284.732422,6999.554199
2763,6626.648926,9136.573242
2764,6585.924805,8970.500977
2765,6951.172852,8572.967773
2766,6434.904297,7152.994629
2767,6495.566895,7299.004395
2768,6278.369141,6958.686523
2769,6534.594727,9311.933594
2770,6795.910645,8952.667969
2771,6454.842285,9415.217773
2772,6653.374512,9182.270508
2773,6559.623535,9164.808594
2774,6812.878906,8981.275391
2775,6269.885254,6917.818359
2776,6364.484863,7035.963867
2777,6529.928223,7261.47998
2778,6547.745117,7325.382812
2779,6680.524414,9227.59668
2780,6731.430176,9091.618164
2781,6561.320312,7312.379395
2782,6691.129883,8930.375977
2783,6688.584473,8926.289062
2784,6582.530762,9210.134766
2785,6750.943848,9083.816406
2786,6494.71875,7239.931641
2787,6697.492676,9256.947266
2788,6691.129883,8904.369141
2789,6677.554688,8904.369141
2790,6555.381348,9407.043945
2791,6710.219238,9055.580078
2792,6573.198242,7214.667969
2793,6882.450195,8951.181641
2794,6349.637207,6920.047363
2795,6707.25,9275.895508
2796,7087.77002,8517.610352
2797,6861.663574,9061.524414
2798,6467.144531,9540.793945
2799,6775.972656,9132.114258
2800,6605.862793,9257.69043
2801,6544.351562,7192.748047
2802,6341.152832,6892.183105
2803,6767.063965,9192.673828
2804,6591.86377,9257.69043
2805,6596.529785,9269.951172
2806,6395.02832,6921.162109
2807,6483.264648,9573.488281
2808,6732.702637,9323.451172
2809,6462.478027,7409.347656
2810,6366.605957,6979.120117
2811,6740.762695,9339.426758
2812,6239.341797,6767.350098
2813,6361.939453,6850.572266
2814,6921.478027,9023.628906
2815,6459.508789,9583.519531
2816,6893.47998,9120.597656
2817,6898.570312,9118.740234
2818,6431.935059,6936.022949
2819,6922.750488,9033.660156
2820,6789.123047,9243.572266
2821,6923.599121,9037.74707
2822,6874.814453,8356.368164
2823,6839.604492,8863.500977
2824,8376.532227,7351.389648
2825,8264.963867,7318.695312
2826,8479.616211,7102.095215
2827,8658.634766,7434.98291
2828,8543.672852,7119.928711
2829,8564.458984,7137.761719
2830,8583.125,7147.050293
2831,8771.051758,7195.720215
2832,8796.080078,7134.417969
2833,8457.132812,7727.745605
2834,8420.650391,7783.846191
2835,8420.650391,7815.797363
2836,8443.558594,7871.897949
2837,8544.09668,8020.136719
2838,7185.339355,8480.829102
2839,7377.932617,8409.125
2840,7254.062012,8225.21875
2841,7599.37207,8317.357422
2842,7628.21875,8324.416992
2843,7156.916992,8199.583984
2844,7681.245605,8423.985352
2845,7469.5625,9081.586914
2846,7843.719727,8433.273438
2847,7504.772461,9161.464844
2848,7206.549805,7891.588867
2849,7587.494141,9126.913086
2850,7289.271484,9150.691406
2851,8036.736816,8445.90625
2852,7332.541504,9233.169922
2853,7365.206055,9219.794922
2854,7427.141113,9201.961914
2855,7166.673828,8919.230469
2856,7534.467285,9168.152344
2857,7110.253418,9319.364258
2858,8336.232422,8465.59668
2859,7073.34668,9246.916016
2860,7015.229492,9359.489258
2861,7683.366699,9106.479492
2862,6994.867188,9312.676758
2863,6979.595215,9282.583008
2864,6955.839355,9236.513672
2865,7783.057129,9051.12207
2866,6918.932617,9305.617188
2867,6912.993652,9312.676758
2868,6905.35791,9322.708008
2869,6939.719238,9204.19043
2870,6929.11377,9184.871094
2871,6924.023438,9175.955078
2872,7027.531738,9202.705078
2873,6873.117676,9266.607422
2874,7041.530762,9209.020508
2875,7043.651855,9194.902344
2876,7048.317871,9204.933594
2877,6789.123047,9450.141602
2878,6904.509277,9140.660156
2879,6851.058594,9216.822266
2880,7006.745117,9138.05957
2881,8312.476562,8100.014648
2882,6757.307129,9376.950195
2883,6825.605469,9172.611328
2884,8297.628906,8085.525391
2885,6817.969727,9353.543945
2886,8365.926758,8917.000977
2887,6840.877441,9344.62793
2888,6834.089844,9332.739258
2889,6669.070312,9410.016602
2890,6664.404297,9425.249023
2891,6646.163086,9418.932617
2892,6652.950195,9431.193359
2893,8068.977051,8937.063477
2894,6552.835938,9544.879883
2895,8443.133789,8231.535156
2896,8361.68457,7901.991211
2897,7172.188477,7347.674316
2898,7066.559082,7432.382324
2899,7051.711914,7458.38916
2900,7113.646973,7479.9375
2901,6997.836426,7537.895508
2902,7150.553711,7505.201172
2903,6964.748047,7592.138672
2904,7192.126465,7548.669922
2905,6865.481934,7660.871094
2906,7295.634766,7664.585938
2907,7304.543457,7657.898438
2908,7077.164551,7833.630371
2909,7064.437988,7850.349121
2910,7025.410645,8042.799805
2911,7021.168457,8080.32373
2912,7046.196777,8140.139648
2913,7544.648438,8048.744141
2914,7542.95166,8068.063477
2915,7526.407227,8064.719727
2916,7536.588379,8073.636719
2917,7633.733398,7968.494629
2918,7607.007812,7943.230957
2919,7824.629883,8146.083984
2920,7810.206543,8165.774902
2921,7816.145508,8243.795898
2922,7914.987305,8073.636719
2923,7224.366699,6622.083496
2924,6906.630371,6772.92334
2925,5580.961426,5656.115234
2926,5588.172852,5692.15332
2927,5569.507324,5618.219727
2928,5552.963379,5686.952148
2929,5626.776367,5692.15332
2930,5568.65918,5730.42041
2931,5552.963379,5579.581055
2932,5548.721191,5570.664062
2933,5546.175781,5750.111328
2934,5663.258789,5679.521484
2935,5518.601562,5543.542969
2936,5527.93457,5527.567383
2937,5687.863281,5661.687988
2938,5502.057617,5776.118164
2939,5637.806152,5545.028809
2940,5497.81543,5503.789551
2941,5497.81543,5479.640137
2942,5417.214844,5719.646484
2943,5757.43457,5636.052734
2944,5416.366211,5726.705078
2945,5451.151855,5805.840332
2946,5563.144043,5798.78125
2947,5406.185059,5732.27832
2948,5444.788574,5795.809082
2949,5699.741211,5516.421387
2950,5436.728516,5477.411133
2951,5703.983398,5514.192383
2952,5456.242188,5439.887207
2953,5592.839355,5809.555664
2954,5424.001953,5836.677246
2955,5422.729492,5669.490234
2956,5452.424316,5449.918457
2957,5417.214844,5511.220215
2958,5429.516602,5423.168457
2959,5603.444824,5783.548828
2960,5753.616211,5487.070801
2961,5432.910645,5627.879395
2962,5395.57959,5413.508789
2963,5663.258789,5748.99707
2964,5364.187988,5913.583008
2965,5905.90918,5580.695312
2966,5706.528809,5849.309082
2967,5755.737305,5401.619629
2968,5687.863281,5781.691406
2969,5691.681152,5858.96875
2970,5727.314941,5835.190918
2971,5497.391113,5964.481934
2972,5324.73584,5888.319336
2973,5483.39209,5969.312012
2974,5524.541016,5966.339844
2975,5664.53125,5891.291504
2976,5466.847656,5985.65918
2977,5820.218262,5402.734375
2978,5781.19043,5798.409668
2979,5572.477051,5974.513184
2980,5354.006836,5821.444336
2981,5953.845703,5681.378906
2982,5649.259766,5943.305176
2983,5647.987305,5967.454102
2984,5921.605469,5702.927734
2985,5838.883301,5759.770996
2986,6008.569336,5704.413574
2987,5642.04834,6000.148438
2988,5853.306641,5749.739746
2989,6073.897949,5517.907715
2990,5883.001953,5729.306152
2991,5570.355957,5433.571289
2992,5635.685059,6030.61377
2993,6035.294434,5727.819824
2994,5566.11377,5440.629883
2995,5847.367676,5973.398926
2996,5752.768066,5952.22168
2997,5865.608887,5895.749512
2998,5723.921387,5997.17627
2999,6058.202148,5749.739746
3000,5769.3125,5966.711426
3001,6132.439453,5495.987305
3002,5820.218262,5694.01123
3003,5544.054688,5482.983887
3004,5826.581055,5679.521484
3005,6086.200195,5599.271973
3006,6002.206055,5783.548828
3007,6078.564453,5775.003906
3008,5528.782715,5484.841797
3009,5535.145996,5495.616211
3010,6106.138184,5727.448242
3011,6006.448242,5796.180664
3012,5528.782715,5499.331055
3013,5796.037598,5995.69043
3014,5491.876465,5406.449707
3015,6000.084961,5810.67041
3016,6132.439453,5732.649902
3017,6095.957031,5761.628906
3018,5471.089844,5424.282715
3019,5987.782715,5832.21875
3020,5794.34082,6065.908691
3021,5938.998047,6039.530273
3022,5833.368652,6017.610352
3023,6196.496094,5563.233887
3024,6005.175293,5850.42334
3025,6194.375,5577.723145
3026,6237.220703,5456.605957
3027,5978.025879,5854.138672
3028,5964.875,5906.523926
3029,6193.102051,5745.281738
3030,5831.247559,6089.314941
3031,6194.375,5595.928223
3032,5903.788086,6069.995605
3033,5979.29834,5910.239258
3034,6103.593262,5832.21875
3035,6211.767578,5755.68457
3036,6086.624512,5886.461426
3037,6266.066895,5447.317383
3038,6012.387207,6093.030273
3039,6110.380371,5873.82959
3040,6239.341797,5712.21582
3041,6150.256836,5863.426758
3042,6092.987793,5966.711426
3043,6390.786133,7058.255371
3044,6399.270508,7039.679199
3045,6382.726074,7033.363281
3046,6458.236328,7058.998535
3047,6461.205566,7051.567871
3048,6452.721191,7070.887207
3049,6481.567871,7039.307617
3050,6477.75,7024.446289
3051,6446.782227,7011.814453
3052,6551.987305,6994.724121
3053,6523.141113,6972.061035
3054,6564.289551,6958.686523
3055,6595.257324,6967.603027
3056,6405.209473,6993.609863
3057,6498.112305,6912.245605
3058,6453.145508,6895.898438
3059,6460.357422,6881.408691
3060,6415.390625,6865.061523
3061,6485.810059,6827.166016
3062,6502.354492,6796.329102
3063,6390.786133,6794.47168
3064,6343.273926,6778.124512
3065,6318.245605,6834.59668
3066,6302.125488,6784.44043
3067,6526.534668,5998.662598
3068,6529.080078,6018.725098
3069,6556.229492,6029.127441
3070,6472.235352,6101.946777
3071,6469.265625,6106.776855
3072,6609.680664,5947.020508
3073,6438.297852,6129.068359
3074,6529.080078,6158.047363
3075,6696.644531,6118.293945
3076,6679.675781,5980.829102
3077,6372.544922,6170.679199
3078,6388.240723,6186.283203
3079,6502.354492,5894.635254
3080,6663.555664,6171.793945
3081,6342.001465,6140.585449
3082,6354.303711,6222.692871
3083,6624.527832,6235.324707
3084,6344.122559,6269.876465
3085,6401.81543,5845.965332
3086,6366.181641,6278.793457
3087,6813.727539,6075.568359
3088,6389.513184,5839.649414
3089,6263.521973,6215.262207
3090,6252.916504,6055.505859
3091,6595.257324,5773.88916
3092,6577.016113,6298.484375
3093,6234.250977,6037.30127
3094,6510.838867,6305.171875
3095,6350.061523,5820.70166
3096,6255.037598,6264.303711
3097,6352.182617,5879.402344
3098,6806.091797,6275.078125
3099,6423.875,6329.320801
3100,6537.140137,6331.178711
3101,6321.214844,6378.362305
3102,6545.200195,6338.980469
3103,6467.993164,5756.798828
3104,6188.436035,6148.016113
3105,6294.489258,5801.010742
3106,6184.618164,5995.69043
3107,6775.124023,6309.629883
3108,6420.480957,5924.729004
3109,6155.771484,5969.683594
3110,6705.552734,5828.503418
3111,6290.247559,6441.893066
3112,6409.45166,6386.907227
3113,6139.227051,5946.277344
3114,6170.194824,6354.956055
3115,6323.335938,6453.039062
3116,6249.522949,6427.775391
3117,6470.114258,5968.197266
3118,6218.555176,5813.642578
3119,6750.943848,5785.777832
3120,6170.194824,6400.282227
3121,6195.647461,5817.35791
3122,6177.830566,6403.254395
3123,6237.220703,6460.841309
3124,6787.850586,5869.742676
3125,6179.103027,5828.131836
3126,6141.348145,6390.250977
3127,6163.407227,6428.518555
3128,6788.274902,5744.166992
3129,6406.057617,6482.018066
3130,6112.925781,6380.219727
3131,6223.22168,6515.083984
3132,6409.45166,6038.787109
3133,6080.26123,6369.074219
3134,6096.805664,6412.171387
3135,6216.434082,6555.208984
3136,6823.484375,5691.781738
3137,6216.434082,6570.069824
3138,6091.291016,6462.69873
3139,6216.434082,6614.652832
3140,6910.872559,5947.39209
3141,6148.983887,6571.927246
3142,6338.60791,6560.410156
3143,6935.901367,5969.312012
3144,6291.52002,6599.048828
3145,6220.67627,6656.26416
3146,5964.875,6327.463379
3147,6120.561523,6188.883789
3148,6226.190918,6691.559082
3149,6111.65332,6165.477539
3150,6076.019043,6589.38916
3151,6279.217773,6687.84375
3152,6068.383301,6133.897949
3153,7045.348633,6010.922852
3154,6031.052246,6236.067871
3155,5917.363281,6392.480469
3156,6081.109863,6667.78125
3157,6000.084961,6548.521484
3158,6043.354492,6178.109863
3159,5821.066406,6275.078125
3160,5902.939941,6429.26123
3161,5987.782715,6542.577148
3162,5882.15332,6419.973145
3163,6087.048828,6733.169922
3164,6405.209473,6740.229004
3165,5954.693848,6596.819824
3166,5962.32959,6456.01123
3167,6397.149414,6754.34668
3168,6090.442383,6765.864258
3169,5974.631836,6461.583984
3170,6052.263184,6737.256836
3171,5953.845703,6472.358398
3172,5845.246582,6480.160645
3173,5927.968262,6609.45166
3174,5966.571777,6479.789062
3175,6428.116699,6699.732422
3176,5893.183105,6497.62207
3177,5796.88623,6382.077637
3178,5999.660645,6735.027344
3179,6452.721191,6714.222168
3180,5875.365723,6613.538574
3181,6098.502441,6845.742188
3182,5859.669922,6612.423828
3183,7196.368652,5835.190918
3184,5846.519531,6612.052246
3185,5908.45459,6552.236816
3186,5796.88623,6601.277832
3187,5818.097168,6605.736328
3188,5834.217285,6535.889648
3189,6383.998535,5260.811523
3190,6515.504883,5240.377441
3191,6678.827637,5213.255859
3192,6517.625977,5416.109375
3193,6599.499512,5407.564453
3194,6371.696289,5434.313965
3195,6524.413574,5578.466309
3196,6567.683594,5657.973145
3197,6392.058594,5546.515137
3198,6784.880859,5409.421875
3199,6567.683594,5674.320312
3200,6574.046387,5678.035156
3201,6873.117676,5412.022461
3202,6906.630371,5413.137207
3203,6912.14502,5413.137207
3204,7018.19873,5443.973633
3205,6854.452148,5247.808105
3206,6864.633301,5225.888184
3207,6883.298828,5193.564941
3208,7106.435547,5463.664551
3209,6924.871582,5173.50293
3210,6941.416016,5148.23877
3211,7174.30957,5468.123047
3212,7275.272461,5450.661133
3213,7422.475098,5407.936035
3214,7434.353027,5404.220703
3215,7405.930664,5367.811035
3216,7397.870605,5326.571777
3217,7529.376953,5379.699707
3218,7405.930664,5260.068359
3219,7660.458984,5346.633789
3220,7444.53418,5170.530762
3221,7447.079102,5143.780762
3222,7449.200195,5113.31543
3223,7726.212402,5326.942871
3224,7496.288086,5109.600098
3225,7422.475098,5055.729004
3226,7547.618164,5086.193848
3227,7811.90332,5311.338867
3228,7386.84082,5005.572754
3229,7601.068848,5072.076172
3230,7860.263672,5310.595703
3231,7629.915527,5059.444336
3232,7908.624512,5312.453613
3233,7919.653809,5313.196777
3234,7654.52002,5028.607422
3235,7913.714844,5290.162109
3236,7501.802734,4951.70166
3237,7970.983887,5322.484863
3238,7699.486816,4979.565918
3239,7292.241211,4869.222656
3240,7559.071777,4912.319824
3241,8061.765625,5362.238281
3242,7752.9375,4908.976074
3243,7889.110352,5093.25293
3244,7592.160645,4872.566406
3245,7763.118652,4891.142578
3246,8077.461426,5249.293945
3247,7760.997559,4864.021484
3248,7755.058594,4847.674316
3249,7752.9375,4831.69873
3250,7763.118652,4815.351562
3251,7641.369141,4797.146484
3252,7795.783203,4775.226562
3253,7806.388672,4757.393555
3254,7808.085449,4719.497559
3255,7808.085449,4708.723633
3256,8063.462402,5669.118652
3257,7934.077148,4869.222656
3258,7816.569824,4696.091309
3259,7707.122559,4664.140137
3260,7834.811035,4671.199219
3261,7938.319336,4831.327148
3262,8326.899414,5203.967773
3263,7707.122559,4635.532715
3264,8331.990234,5192.450684
3265,7889.110352,4652.623047
3266,7653.671387,4599.494629
3267,7926.01709,4641.848633
3268,7931.956055,4730.643555
3269,7954.86377,4629.216797
3270,7993.891113,4616.584961
3271,7997.709473,4707.237305
3272,8124.973633,5882.003418
3273,8323.929688,5019.690918
3274,8137.275879,5930.301758
3275,8090.187988,4676.771973
3276,8139.396973,4660.424805
3277,8144.911621,4593.178711
3278,8183.939453,4586.119629
3279,8205.574219,6085.228027
3280,8215.331055,4640.734375
3281,8225.087891,4560.855957
3282,8254.358398,4637.390625
3283,8254.358398,4554.540039
3284,8262.418945,4633.675293
3285,8266.661133,4629.959961
3286,8257.75293,4535.592285
3287,8303.143555,4749.219727
3288,8255.631836,6200.029785
3289,8266.236328,6230.494629
3290,8241.208008,4408.158691
3291,8249.692383,4386.610352
3292,8290.416992,4587.605957
3293,8267.933594,4373.235352
3294,8280.236328,4369.891602
3295,8270.054688,6324.119629
3296,8294.65918,6340.466797
3297,8315.445312,4368.033691
3298,8333.686523,4369.891602
3299,8345.989258,4376.950684
3300,8358.291016,4385.867188
3301,8364.654297,4396.641602
3302,8274.720703,4447.540527
3303,8272.175781,4411.130859
3304,8285.326172,4399.61377
3305,8316.293945,4397.384277
3306,8468.586914,6379.848633
3307,5589.021484,6260.216797
3308,5758.282715,6448.952148
3309,5739.617188,6497.62207
3310,5625.927734,6396.566895
3311,5701.862305,6340.466797
3312,5611.080566,6298.484375
3313,5119.416504,6129.811035
3314,6322.063477,5691.038574
3315,6330.123535,5688.80957
3316,6336.486816,5692.15332
3317,6271.582031,5704.041992
3318,6269.460938,5669.861816
3319,6232.129883,5650.170898
3320,6087.048828,6017.610352
3321,6073.897949,6040.273438
3322,6092.987793,5990.48877
3323,6011.962891,5997.17627
3324,5526.237793,6173.279785
3325,5596.23291,6101.946777
3326,5439.697754,5386.015625
3327,5403.215332,5459.578125
3328,5308.615723,5418.338379
3329,6543.927246,6895.898438
3330,6611.801758,6767.350098
3331,5681.924316,6687.84375
3332,5684.04541,6669.638672
3333,5788.401855,6733.169922
3334,5851.185547,6756.20459
3335,5878.759766,6716.451172
3336,6046.748535,6827.166016
3337,5934.755859,6986.922363
3338,5880.880859,6963.516113
3339,6078.98877,7058.998535
3340,6099.775391,7063.084961
3341,6121.410156,7063.084961
3342,6134.136719,7190.146973
3343,6143.469238,7294.545898
3344,6135.40918,7325.382812
3345,6102.744629,7321.295898
3346,6056.929688,7297.146484
3347,6024.689453,7280.056641
3348,6106.138184,7449.472656
3349,6103.168945,7457.645996
3350,6004.327148,7269.282227
3351,6027.234375,7351.389648
3352,5997.115234,7283.400391
3353,5988.630859,7331.327148
3354,5999.660645,7396.344238
3355,5995.842773,7321.295898
3356,5972.935059,7323.524902
3357,5979.722656,7313.493652
3358,5946.633789,7368.851074
3359,5941.967285,7360.306152
3360,5937.725586,7352.132324
3361,6106.986816,7651.58252
3362,6108.259277,7705.08252
3363,6025.537598,7651.58252
3364,6109.10791,7736.290527
3365,6020.871094,7663.843262
3366,6000.509277,7672.016602
3367,5792.219727,7437.211914
3368,6005.599609,7604.027344
3369,6021.719727,7722.915527
3370,6000.509277,7589.537598
3371,5989.055176,7563.902344
3372,5766.76709,7501.486328
3373,5970.389648,7523.40625
3374,5805.370605,7515.232422
3375,5883.425781,7665.700684
3376,5956.814941,7511.145996
3377,5818.945312,7509.288086
3378,5837.61084,7320.181152
3379,6109.10791,7899.762207
3380,5888.092285,7601.79834
3381,5786.705078,7561.67334
3382,5773.130371,7593.996094
3383,5717.133789,7625.947266
3384,5771.009277,7659.756348
3385,5757.43457,7631.520508
3386,5759.555664,7649.725098
3387,5687.014648,7702.110352
3388,6109.10791,8074.379395
3389,6073.049805,8072.521973
3390,5871.972168,7895.675293
3391,6046.324219,8085.525391
3392,5871.972168,7949.918457
3393,6016.205078,8042.428223
3394,5997.963867,8109.674316
3395,6109.10791,8214.816406
3396,5777.796875,7893.817871
3397,5768.039551,7893.817871
3398,6109.10791,8243.423828
3399,5950.027344,8133.82373
3400,5894.879883,8002.674805
3401,5968.268555,8062.490723
3402,5903.788086,7999.331055
3403,5923.726074,8146.827148
3404,5777.796875,7948.060547
3405,5924.574707,8040.199219
3406,5917.787109,8084.410645
3407,5952.148438,7982.612793
3408,5769.736328,7820.998535
3409,5832.944336,8024.595215
3410,6008.14502,8214.816406
3411,5684.04541,7891.959961
3412,5770.160645,7805.022949
3413,6103.168945,8347.451172
3414,5853.730957,8072.521973
3415,5681.5,7935.428711
3416,5752.768066,8056.917969
3417,5594.536133,7890.474121
3418,6115.895508,8480.085938
3419,5628.897461,7796.849609
3420,5821.490723,8180.63623
3421,5628.897461,7754.495605
3422,5307.767578,7358.44873
3423,5845.246582,8184.351074
3424,5433.334961,7887.873535
3425,5390.913574,7887.501953
3426,5893.183105,8160.202148
3427,6130.742676,8626.095703
3428,5297.162109,7420.493164
3429,5972.086914,8526.155273
3430,5979.29834,8551.791016
3431,5682.348633,8327.388672
3432,5267.466797,7466.5625
3433,5695.499023,8350.051758
3434,5489.755371,7987.813965
3435,5910.151367,8524.297852
3436,5411.699707,7807.251953
3437,5876.638672,8539.15918
3438,5239.893066,7506.315918
3439,5645.866211,8263.115234
3440,5446.061035,8005.646973
3441,5514.359863,8031.282715
3442,5894.879883,8589.686523
3443,6004.750977,8642.071289
3444,5464.302246,7805.394531
3445,5475.756348,7793.505859
3446,5740.041504,8429.929688
3447,5402.791504,8011.963379
3448,5212.319336,7547.183594
3449,5371.82373,6037.30127
3450,5433.758789,6118.293945
3451,5475.332031,6145.415527
3452,7262.545898,3459.280762
3453,7243.032227,3513.1521
3454,7374.538574,3432.159424
3455,7374.538574,3458.537598
3456,7427.56543,3419.527344
3457,7376.235352,3494.204102
3458,7370.296387,3517.610352
3459,7128.070312,3602.689941
3460,7366.054199,3532.099854
3461,7115.34375,3624.981445
3462,7494.166992,3425.471924
3463,7392.779785,3548.075439
3464,7399.567383,3339.277832
3465,7378.356445,3306.211914
3466,7344.419434,3292.465332
3467,7425.444336,3266.830078
3468,7319.390625,3272.774658
3469,7464.472168,3246.767822
3470,7299.02832,3227.819824
3471,7284.605469,3188.06665
3472,7699.486816,3335.5625
3473,7284.605469,3170.976318
3474,7670.640137,3312.15625
3475,7741.908203,3357.854004
3476,7648.156738,3276.118408
3477,7604.038574,3211.101318
3478,7656.216797,3260.142578
3479,7782.632812,3386.46167
3480,7788.996094,3415.069092
3481,7257.879883,3046.886719
3482,7694.395996,3246.767822
3483,7663.852539,3239.70874
3484,7727.484863,3214.444824
3485,7189.581543,3030.539551
3486,7745.301758,3189.924316
3487,7179.824219,3045.029053
3488,7797.056152,3528.384521
3489,7755.48291,3148.684814
3490,7755.48291,3123.420898
3491,7809.358398,3571.110107
3492,7844.992188,3192.524902
3493,7811.479004,3603.432861
3494,7038.561035,3041.313721
3495,7102.193359,3158.344482
3496,7821.236328,3056.917725
3497,7087.77002,3167.632568
3498,7054.681152,3167.632568
3499,7084.800293,3217.417236
3500,7038.561035,3175.063232
3501,7889.534668,3695.199951
3502,7097.102539,3262.371826
3503,6900.691406,3036.112305
3504,7945.106934,3725.665039
3505,7099.223633,3294.69458
3506,7965.46875,3750.928711
3507,6884.571289,2974.438965
3508,6884.571289,2966.636963
3509,6875.23877,2954.376465
3510,6926.568359,3137.16748
3511,6764.094727,3024.966553
3512,6904.933594,2904.220459
3513,6868.875488,3140.882812
3514,6917.23584,2870.040039
3515,6816.697266,2875.241455
3516,6774.275879,3087.011475
3517,6917.23584,2839.946533
3518,6783.184082,3146.084229
3519,6626.648926,3046.886719
3520,6906.630371,2768.613525
3521,6737.793457,2806.509033
3522,6732.702637,2807.252197
3523,6748.822754,2803.536865
3524,6902.8125,2734.061523
3525,6687.73584,2813.196533
3526,6846.39209,2774.557861
3527,6532.897949,3041.313721
3528,6703.855957,2728.488525
3529,6517.20166,3035.369385
3530,6705.977051,2713.999023
3531,6640.224121,2829.543701
3532,6634.708984,2831.401367
3533,6877.783691,2646.381348
3534,6634.708984,2849.234619
3535,6542.230469,3019.393555
3536,6740.338379,2700.252686
3537,6586.772949,2820.255615
3538,6457.812012,3014.192383
3539,6840.453125,2661.614014
3540,6865.905762,2604.770508
3541,6452.721191,3057.660889
3542,6623.255371,2892.703125
3543,6630.467285,2742.978271
3544,6677.130859,2627.804932
3545,6581.682617,2968.123047
3546,6584.651855,2964.779297
3547,6861.663574,2570.590088
3548,6623.255371,2928.741211
3549,6414.541992,3072.893555
3550,6537.563965,2844.404785
3551,6785.305176,2631.520264
3552,6487.08252,2938.400879
3553,6395.452637,2992.272217
3554,6864.633301,2539.753418
3555,6574.470703,2734.433105
3556,6554.108398,2869.297119
3557,6557.92627,2916.852539
3558,6545.624023,2875.241455
3559,6632.164062,2582.850342
3560,6566.410645,2912.394043
3561,6390.361816,2947.317627
3562,6623.679688,2567.617676
3563,6738.641602,2606.256592
3564,6493.870117,3163.545898
3565,6615.619629,2544.21167
3566,6515.081055,2934.685791
3567,7050.014648,2603.28418
3568,6330.97168,3124.535645
3569,6442.964355,2842.547119
3570,6862.087891,2033.363037
3571,6890.085938,2074.602539
3572,6826.878418,1980.977905
3573,6948.627441,2041.165161
3574,6728.460449,2009.585327
3575,6956.263672,2173.056885
3576,7003.351074,2286.000977
3577,7003.351074,2309.406982
3578,7046.621094,2417.149658
3579,7152.674805,1733.169922
3580,7017.774414,2430.153076
3581,7034.318848,2459.13208
3582,7123.828125,2374.05249
3583,6963.899414,2463.961914
3584,7236.668945,1606.850952
3585,7274.424316,2327.240234
3586,7154.795898,2624.461182
3587,7294.786621,2348.788818
3588,7311.330566,2359.562988
3589,7327.026855,2272.625977
3590,7201.883301,2656.041016
3591,7350.358398,2372.195068
3592,7332.117188,2254.792725
3593,7382.598633,1529.573486
3594,6863.784668,1578.243408
3595,7362.660645,2388.170654
3596,6806.939941,1566.726074
3597,7377.083984,2182.716553
3598,7482.713379,1479.045898
3599,6751.368164,1564.125488
3600,7513.256836,1482.389648
3601,6723.370117,1581.215576
3602,7541.679199,1503.938232
3603,7405.930664,2073.116455
3604,6647.435547,1628.027954
3605,7587.494141,1557.809448
3606,7417.384277,2015.529785
3607,6632.164062,1637.687622
3608,6778.517578,1694.90271
3609,7622.279785,1567.840698
3610,6782.759766,1708.277588
3611,6646.587402,1409.570557
3612,6582.530762,1667.78125
3613,6576.591797,1670.753418
3614,6596.529785,1548.892822
3615,6689.008789,1735.027466
3616,6593.984863,1542.948486
3617,6775.972656,1777.38147
3618,6691.129883,1748.773926
3619,6590.166504,1533.288696
3620,6771.730469,1787.041138
3621,7420.354004,1891.068481
3622,6588.04541,1527.71582
3623,6518.474609,1679.298584
3624,6756.458496,1796.700806
3625,7576.040527,2030.762329
3626,6517.20166,1652.548706
3627,6746.277344,1374.647095
3628,6686.887695,1791.12793
3629,6734.399414,1796.700806
3630,6476.477539,1675.583252
3631,6529.928223,1449.695312
3632,6521.02002,1731.312256
3633,6600.771973,1781.468262
3634,6532.897949,1436.320435
3635,6787.850586,1372.789429
3636,6533.746094,1425.174561
3637,6520.171387,1491.306274
3638,6522.716797,1769.950928
3639,6420.905273,1662.208374
3640,6418.78418,1666.666626
3641,6535.019043,1786.298096
3642,6497.687988,1506.538818
3643,6513.383789,1518.056152
3644,6496.415527,1771.437012
3645,6502.354492,1510.25415
3646,6520.595703,1800.787598
3647,6438.297852,1714.222046
3648,6467.568848,1419.601685
3649,6538.412598,1357.928345
3650,6405.209473,1711.99292
3651,6491.749023,1796.700806
3652,6875.662598,1338.237427
3653,7588.342773,1814.90564
3654,6877.783691,1315.202881
3655,6394.179688,1748.402466
3656,6387.816406,1769.579468
3657,6392.058594,1531.431152
3658,6501.505859,1256.873291
3659,6367.878418,1539.233154
3660,6374.241699,1816.020264
3661,6346.243652,1552.608154
3662,6333.092773,1559.295532
3663,6318.245605,1567.097656
3664,6470.114258,1182.939575
3665,6338.60791,1876.578979
3666,6294.913574,1544.062988
3667,6706.401367,1940.853027
3668,6267.339844,1498.736816
3669,6255.461914,1568.212158
3670,6640.648438,1208.203247
3671,6353.455078,1256.130127
3672,6263.521973,1850.943726
3673,6724.218262,2011.814575
3674,6224.069824,1581.95874
3675,6286.005371,1965.745239
3676,6475.20459,1068.137939
3677,6279.64209,1976.891113
3678,6180.800293,1592.36145
3679,6285.581055,1797.443848
3680,6250.371094,1942.710693
3681,6169.346191,1592.36145
3682,6193.950684,1838.311768
3683,6261.400879,1265.789917
3684,6153.226074,1588.646118
3685,6142.196777,1499.479858
3686,6145.590332,1574.899658
3687,6753.064941,2102.467041
3688,6264.794434,3704.488037
3689,6231.705566,3684.425537
3690,6222.373047,3694.085205
3691,6209.646484,3711.918457
3692,6276.672363,3650.616699
3693,6162.559082,3779.164795
3694,6167.225098,3785.852295
3695,6155.771484,3769.133545
3696,6205.828613,3873.532471
3697,6244.007812,3903.625977
3698,6017.477539,3688.512451
3699,5983.540527,3658.790283
3700,6188.436035,3987.591064
3701,5966.571777,3671.422119
3702,5967.42041,3644.672363
3703,6182.072754,4060.781738
3704,5915.242188,3700.772705
3705,6372.969238,3984.618896
3706,6371.696289,3993.163818
3707,5889.364746,3717.491455
3708,5876.638672,3747.584961
3709,5878.759766,3773.963379
3710,5829.975098,3728.265625
3711,6382.726074,4078.61499
3712,5821.490723,3713.404785
3713,5883.001953,3798.112549
3714,6050.566406,4083.816406
3715,6387.392578,3863.872803
3716,5659.440918,3721.949707
3717,6070.080078,4241.714844
3718,5646.714355,3710.061035
3719,5891.062012,4091.98999
3720,5658.592285,3701.515869
3721,5623.382812,3726.408203
3722,5853.730957,4093.476074
3723,6112.925781,4251.00293
3724,5893.183105,4138.059082
3725,6012.811035,4235.027344
3726,6151.529297,4258.805176
3727,5891.062012,4178.184082
3728,6010.69043,4266.607422
3729,5975.056152,4230.569336
3730,5784.583984,4082.330322
3731,6098.078125,4349.45752
3732,6188.436035,4253.232422
3733,5942.815918,4226.854004
3734,6106.5625,4366.547852
3735,5893.183105,4223.881836
3736,5975.056152,4273.294922
3737,6228.312012,4239.857422
3738,6123.106934,4394.783691
3739,6117.592285,4391.439941
3740,5788.826172,3992.420898
3741,6218.555176,4332.367188
3742,5787.977539,3982.76123
3743,5903.788086,4303.759766
3744,5786.705078,3971.615479
3745,6034.446289,4399.985352
3746,6055.656738,4428.964355
3747,6274.55127,4295.958008
3748,5791.371582,3914.028809
3749,6248.25,4472.804199
3750,5996.690918,4465.002441
3751,5920.756836,4401.099609
3752,5987.358398,4470.575195
3753,5795.189453,3867.216553
3754,6278.369141,4494.353027
3755,6347.091797,4249.51709
3756,6356.424805,4256.947754
3757,6297.458984,4508.470703
3758,5938.149414,4495.095703
3759,6364.060547,4262.520508
3760,6321.214844,4451.627441
3761,6397.149414,4257.318848
3762,6407.754395,4255.833008
3763,6374.666016,4307.103516
3764,5957.239258,4551.196289
3765,6374.666016,4321.964844
3766,6347.091797,4556.769043
3767,5962.753906,4566.057129
3768,6344.970703,4412.245605
3769,6370.848145,4339.054688
3770,5848.216309,4506.613281
3771,6316.124512,4569.772461
3772,6366.181641,4361.346191
3773,6376.787109,4585.376953
3774,6003.478516,4547.480957
3775,6341.152832,4342.77002
3776,6381.877441,4593.550293
3777,5981.84375,4601.352539
3778,6411.996582,4339.054688
3779,5994.569824,4611.012207
3780,6277.945312,4569.772461
3781,6311.458008,4348.342773
3782,6037.839844,4538.192871
3783,6435.75293,4331.624512
3784,6403.088379,4654.108887
3785,6451.44873,4600.237793
3786,6213.464355,4562.342285
3787,6098.078125,4519.245117
3788,6412.420898,4679.744629
3789,6065.837891,4639.248047
3790,6476.053223,4609.897461
3791,6106.5625,4521.102539
3792,6487.08252,4614.727539
3793,5713.315918,4524.446289
3794,6345.39502,4657.824219
3795,6423.450684,4710.209473
3796,6172.740234,4560.484375
3797,6468.41748,4538.564453
3798,6516.777832,4597.637207
3799,6533.746094,4633.675293
3800,5722.224609,4572.744629
3801,6489.62793,4517.758789
3802,6300.428223,4654.108887
3803,6120.561523,4584.633789
3804,6027.234375,4707.608887
3805,6140.923828,4669.341797
3806,6232.129883,3192.524902
3807,6214.737305,3202.18457
3808,6250.79541,3179.893066
3809,6232.129883,3237.479492
3810,6270.309082,3287.635498
3811,6157.043945,3108.560059
3812,6147.711426,3093.698975
3813,6295.337891,3322.559082
3814,6333.092773,3299.152832
3815,6087.473145,3295.809082
3816,6082.806641,3299.895996
3817,6378.908203,3274.63208
3818,6242.735352,3066.577393
3819,6384.847168,3279.833496
3820,6334.365723,3376.43042
3821,6348.789062,3396.864258
3822,6165.952637,3380.51709
3823,6065.414062,2963.293213
3824,6391.634277,3415.812256
3825,6402.239746,3334.819336
3826,6185.890625,3399.836426
3827,6436.601074,3435.131592
3828,6350.910156,3460.766846
3829,5939.846191,3416.183594
3830,6154.499023,3428.444092
3831,6094.68457,3438.475342
3832,6449.751953,3385.346924
3833,6008.14502,2873.755371
3834,6244.007812,3455.56543
3835,6003.902832,2874.126953
3836,6391.634277,3496.804932
3837,6517.625977,3451.850098
3838,6410.299805,3502.006348
3839,6211.767578,3486.030518
3840,6449.751953,3336.677002
3841,6543.50293,3450.735596
3842,6034.021973,3486.4021
3843,6292.368164,3501.634766
3844,6441.691895,3308.06958
3845,5967.844727,2809.852783
3846,6162.559082,3500.891602
3847,5931.786133,2879.328369
3848,6089.169922,2861.123535
3849,6453.569824,3534.329102
3850,6011.962891,3476.37085
3851,6099.775391,2860.009033
3852,6512.959961,3484.916016
3853,6469.689941,3522.440186
3854,6426.844238,3281.691162
3855,5994.569824,2788.304443
3856,5996.690918,2784.589111
3857,6115.895508,2889.359375
3858,6120.561523,2887.873291
3859,6493.870117,3292.465332
3860,5875.365723,2891.217041
3861,6240.614258,3548.075439
3862,6092.13916,3537.30127
3863,5952.572754,3454.82251
3864,6017.053223,2750.408691
3865,5897.424805,2760.811523
3866,6479.446777,3258.285156
3867,6398.846191,3230.791992
3868,6045.899902,2810.224365
3869,6393.331543,3221.132324
3870,6062.02002,2802.793945
3871,6062.02002,2818.769531
3872,6070.504395,2806.137695
3873,6139.227051,3577.054443
3874,6148.135742,2964.036377
3875,6198.192871,2858.522705
3876,5870.275391,2813.568115
3877,6369.999512,3178.406982
3878,6161.710449,3587.828857
3879,5838.883301,2719.943604
3880,5854.155273,2809.852783
3881,6237.220703,2813.196533
3882,5860.518555,2831.401367
3883,6170.619141,3003.046631
3884,6184.618164,3584.113525
3885,5846.095215,2824.342285
3886,6201.586426,3014.192383
3887,6272.006348,2836.974365
3888,6302.973633,2828.057617
3889,5759.555664,2672.759766
3890,6329.699219,2777.158447
3891,5916.938965,2621.117432
3892,6295.337891,3001.188965
3893,6362.36377,2824.342285
3894,5759.555664,2617.030762
3895,6397.149414,2751.894775
3896,6316.548828,3044.285889
3897,6361.515137,2888.616455
3898,6315.700195,3055.060303
3899,6315.700195,3058.775391
3900,5661.137695,2596.968262
3901,6501.930176,2742.978271
3902,5619.98877,2585.450928
3903,6023.416504,2479.19458
3904,5597.505859,2579.13501
3905,5601.747559,2643.40918
3906,5540.236816,2561.301758
3907,5763.797363,2386.68457
3908,5930.089355,2445.385742
3909,5597.505859,2708.054688
3910,5706.528809,2358.448486
3911,5835.06543,2411.57666
3912,5577.143555,2749.294189
3913,5509.269043,2648.239014
3914,6101.047852,2326.125732
3915,5962.753906,2372.195068
3916,5894.455566,2518.576416
3917,5431.213867,2527.121338
3918,5714.588867,2297.146729
3919,5869.851074,2509.659668
3920,5720.952148,2291.57373
3921,5643.320801,2327.240234
3922,5865.608887,2511.145752
3923,5857.548828,2513.375
3924,6662.70752,3513.523438
3925,6709.794922,2563.159424
3926,6687.311523,2528.979004
3927,6658.465332,2496.65625
3928,6625.800781,2462.47583
3929,6587.621582,2449.843994
3930,6593.13623,2473.993164
3931,6580.833984,2420.121826
3932,6554.108398,2369.594238
3933,6527.382812,2328.35498
3934,6502.778809,2285.257812
3935,6498.960449,2256.278809
3936,6439.995117,2225.813721
3937,6642.345215,2342.844482
3938,6319.518066,2202.035889
3939,6311.882324,2200.178223
3940,6696.220215,2369.594238
3941,6390.786133,2165.626465
3942,6750.095215,2406.746826
3943,6185.041992,2171.570801
3944,6180.375977,2170.827881
3945,6441.267578,2090.578125
3946,6833.241211,2403.403076
3947,6119.713379,2120.300293
3948,6518.050293,2102.095459
3949,6814.576172,2332.44165
3950,6147.287109,2068.657959
3951,6555.381348,2059.741455
3952,6166.800781,2045.623413
3953,6583.803711,2046.366455
3954,6063.716797,1996.581909
3955,6055.23291,1998.439575
3956,6085.775879,1967.602905
3957,6116.319336,1940.853027
3958,6136.257812,1927.478027
3959,6147.287109,1925.248901
3960,6169.346191,1929.335693
3961,6186.739258,1934.908569
3962,6210.919434,1931.193359
3963,8898.31543,3739.782959
3964,8882.195312,3732.352539
3965,8866.075195,3725.293457
3966,6496.415527,2898.647705
3967,9661.477539,3037.969971
3968,9331.862305,2964.036377
3969,8516.098633,1349.011719
3970,8361.260742,1389.508057
3971,8713.358398,2119.185547
3972,8705.298828,2108.411377
3973,8684.511719,2097.637207
3974,8659.907227,2094.293457
3975,8639.544922,2097.637207
3976,8565.732422,2140.734131
3977,8553.429688,2137.390381
3978,8544.945312,2119.185547
3979,8536.885742,2101.352295
3980,8450.769531,2007.727783
3981,9251.261719,2203.150635
3982,9173.207031,2293.059814
3983,9119.755859,2332.44165
3984,9090.90918,2350.646484
3985,5446.061035,2100.609375
3986,5421.456543,2089.834961
3987,5415.517578,2104.324463
3988,5524.964844,2134.789795
3989,5499.512207,2255.907227
3990,5392.610352,2203.521973
3991,5615.322754,2313.122314
3992,5001.484863,1075.568481
3993,5081.236816,1052.162231
3994,5098.205566,1068.880981
3995,5288.253418,1061.450439
3996,4916.217773,893.89209
3997,5360.370117,1047.332397
3998,5377.338379,1043.988647
3999,4998.09082,851.166565
4000,5400.67041,1042.502563
4001,5421.880859,1042.502563
4002,5443.516113,1043.988647
4003,4730.835938,856.739502
4004,4913.248047,802.496643
4005,4934.034668,770.916931
4006,4679.930664,903.180237
4007,5175.412598,759.399597
4008,4817.375977,746.7677
4009,4840.283203,717.045593
4010,4601.875,840.763855
4011,4652.780762,702.18457
4012,5245.832031,722.990051
4013,4598.057129,820.701416
4014,4585.754883,827.760437
4015,5071.47998,699.955444
4016,4702.837891,679.149963
4017,4626.055176,631.223083
4018,4615.874023,606.330811
4019,4757.561523,653.514648
4020,4975.60791,644.969543
4021,4573.876953,560.633057
4022,5289.102051,561.37616
4023,4709.625488,567.692078
4024,4886.522949,594.070435
4025,4631.569824,511.963135
4026,4689.6875,546.143555
4027,4511.517578,501.931946
4028,4517.032227,490.414612
4029,4756.713379,535.369324
4030,4499.215332,530.539429
4031,4783.438477,513.820801
4032,4670.597656,459.949463
4033,4812.709473,552.831055
4034,4498.366699,574.007996
4035,4795.740723,488.928528
4036,4539.091309,404.963593
4037,4797.861816,465.522369
4038,5254.316406,354.436035
4039,4578.119141,413.880219
4040,4803.800781,430.970428
4041,4497.518555,645.712585
4042,4381.708008,478.154266
4043,4491.155273,672.833984
4044,4390.616211,577.351746
4045,4495.397461,708.500549
4046,4514.486816,295.734894
4047,4655.326172,392.703217
4048,4313.40918,433.571106
4049,4480.549805,734.878906
4050,4304.925293,451.775909
4051,4474.186523,308.36676
4052,4558.181152,281.616882
4053,4645.14502,344.033295
4054,4707.504395,377.842163
4055,4462.73291,766.087097
4056,4274.806152,407.935791
4057,4352.437012,394.189331
4058,4724.896973,364.467224
4059,4606.96582,267.12735
4060,5245.832031,176.846481
4061,4548.848145,763.85791
4062,4740.168945,352.5784
4063,4374.92041,367.810974
4064,4455.520996,242.978149
4065,4240.868652,449.175201
4066,4402.070312,330.658356
4067,4386.374023,728.562927
4068,4713.019043,327.686127
4069,4569.210449,756.427429
4070,4303.228027,540.199158
4071,5219.530762,169.415955
4072,4708.776855,315.425781
4073,4646.41748,240.005951
4074,4221.779297,344.776337
4075,5199.168457,158.641693
4076,4436.855957,199.881119
4077,4527.637695,168.301376
4078,4811.437012,339.946503
4079,4428.371582,182.047852
4080,5172.867188,154.926437
4081,4240.868652,510.477051
4082,4430.492676,178.332596
4083,5321.766602,203.967896
4084,4435.158691,167.558334
4085,4240.868652,526.452698
4086,4340.559082,283.846039
4087,4560.302246,155.669495
4088,4345.649902,279.016205
4089,5343.401367,212.513
4090,4240.868652,539.084534
4091,4198.022949,286.075195
4092,5366.309082,229.60321
4093,4595.087402,148.610489
4094,4800.831543,281.245361
4095,4630.297363,144.895233
4096,4159.419434,269.356506
4097,4292.623047,232.203888
4098,4157.298828,307.623718
4099,4269.715332,349.23465
4100,4283.290039,213.627579
4101,5071.904297,212.513
4102,4797.013672,209.169266
4103,4156.450195,325.45697
4104,4089.424316,238.519836
4105,4243.414062,263.040558
4106,4274.381836,174.245804
4107,4235.354004,261.182953
4108,4836.889648,200.624161
4109,5031.179688,189.849899
4110,4823.739258,270.4711
4111,4805.07373,270.4711
4112,4924.277832,2019.988159
4113,4942.094727,2026.304077
4114,4713.443359,1941.224609
4115,4907.733398,1051.419189
4116,4944.640137,1171.793701
4117,4578.119141,1782.954346
4118,5072.75293,286.075195
4119,5062.571777,295.363342
4120,4666.355469,1838.68335
4121,4889.916504,215.113693
4122,4827.980957,1628.770996
4123,4842.404297,1632.114746
4124,4850.464355,1628.399414
4125,4854.706543,1626.54187
4126,4710.049805,1604.993286
4127,4678.657715,1682.270752
4128,4668.900879,1705.67688
4129,4745.683594,1694.90271
4130,4764.349121,1698.61792
4131,4772.40918,1700.104004
4132,4774.530273,1689.329712
4133,4301.53125,0.0
4134,4260.806641,24.892258
4135,4256.564941,32.322781
4136,4265.473145,102.912766
4137,4306.62207,86.565613
4138,4321.04541,80.249664
4139,4328.681152,70.589981
4140,4335.044434,61.673355
4141,4973.910645,1260.960083
4142,4972.638184,1250.185791
4143,4971.365723,1239.411499
4144,4535.697754,850.795044
4145,4362.618164,151.954224
4146,4354.558105,156.412537
4147,4367.708984,143.780655
4148,4372.799316,134.492493
4149,4325.711426,167.186798
4150,4337.165527,1068.137939
4151,8688.753906,6677.8125
4152,8647.180664,6393.966309
4153,8686.632812,7024.817871
4154,8754.083008,6399.167969
4155,8515.674805,6365.358887
4156,8625.12207,6242.383789
4157,8864.802734,6407.341309
4158,8396.894531,6335.636719
4159,8755.780273,6244.612793
4160,8871.59082,7186.431641
4161,8573.791992,5995.318848
4162,8770.203125,6090.058105
4163,8578.03418,5962.996094
4164,8774.445312,6057.735352
4165,8567.004883,5901.322754
4166,8607.304688,5897.979004
4167,8551.308594,5815.128418
4168,8652.696289,5879.773926
4169,8656.513672,5896.121094
4170,8549.612305,5804.354492
4171,8565.732422,5779.090332
4172,8535.612305,5729.306152
4173,8866.923828,5802.496582
4174,8513.129883,5657.22998
4175,8649.726562,5678.406738
4176,8500.827148,5659.087402
4177,8506.766602,5637.539062
4178,8490.646484,5655.37207
4179,8484.283203,5648.313477
4180,8492.342773,5639.396484
4181,8676.452148,5644.598145
4182,8697.238281,5605.216309
4183,8715.479492,5534.997559
4184,9129.512695,5962.996094
4185,8776.990234,5317.654785
4186,8801.594727,5244.464355
4187,8807.958008,5192.450684
4188,8801.594727,5120.746094
4189,8731.175781,5135.606934
4190,8931.829102,5092.510254
4191,8746.447266,4947.986328
4192,9061.638672,5060.558594
4193,8727.782227,4765.195312
4194,9152.419922,4989.96875
4195,8396.894531,5190.221191
4196,8388.834961,5181.304688
4197,9199.507812,4942.413574
4198,8388.834961,5124.461426
4199,8703.177734,4621.786133
4200,8692.996094,4602.095215
4201,8768.930664,4598.751465
4202,8648.029297,4546.737793
4203,8667.119141,4547.480957
4204,8617.061523,4545.995117
4205,8706.146484,4540.421875
4206,8896.194336,4575.345703
4207,9451.067383,4828.726562
4208,8495.3125,4506.241699
4209,8818.988281,4495.467285
4210,8978.492188,4533.734375
4211,8365.50293,4754.421387
4212,8884.741211,4473.918945
4213,9019.216797,4501.411621
4214,8395.198242,4630.331543
4215,9037.881836,4503.269531
4216,8382.895508,4529.647949
4217,8395.198242,4642.963379
4218,8915.28418,4454.228027
4219,8936.071289,4430.821777
4220,8950.070312,4411.130859
4221,9683.960938,4718.011719
4222,8339.625977,4463.144531
4223,8331.990234,4408.901855
4224,10000.0,4578.689453
4225,5447.757812,2806.509033
4226,5432.062012,2803.908447
4227,5486.785645,2812.825195
4228,5472.362305,2731.460938
4229,5473.635254,2855.922119
4230,5466.42334,2880.071289
4231,5455.817871,2894.189209
4232,5310.736816,2794.248779
4233,5602.171875,2830.658447
4234,5262.376465,2796.478027
4235,5300.555664,2728.488525
4236,5600.899414,2881.185791
4237,5211.046387,2809.109863
4238,5319.221191,2670.9021
4239,5167.776855,2810.967529
4240,5207.652832,2745.578857
4241,5203.410645,2893.074707
4242,5213.591797,2720.686523
4243,5333.644531,2602.54126
4244,5216.561523,2708.054688
4245,5096.084473,2803.908447
4246,5197.47168,2954.748047
4247,5167.352539,2702.110352
4248,5335.341309,2544.95459
4249,5163.110352,2713.256104
4250,5232.257324,2644.523682
4251,5144.444824,2699.137939
4252,5144.444824,2715.11377
4253,5239.893066,2614.430176
4254,5086.327637,2890.102539
4255,5337.038086,2492.940918
4256,4999.788086,2805.766113
4257,5282.73877,2613.31543
4258,5086.327637,2931.342041
4259,5154.20166,2632.263428
4260,5297.162109,2612.57251
4261,4996.394043,2853.692871
4262,5349.764648,2439.441162
4263,5297.162109,2627.062012
4264,5141.899414,2615.544678
4265,5080.388672,2962.178711
4266,5250.498535,2535.294922
4267,4992.576172,2906.821289
4268,5053.663086,3019.393555
4269,5037.118652,3061.376221
4270,4774.530273,2814.682617
4271,4757.98584,2818.397949
4272,4729.563477,2829.172119
4273,4920.884277,3042.428223
4274,4904.339844,3044.285889
4275,4704.11084,2787.561279
4276,4868.281738,3055.060303
4277,4682.05127,2796.478027
4278,4838.162109,3065.091309
4279,4664.234375,2723.287354
4280,4691.808594,2713.256104
4281,4646.841797,2695.422852
4282,4813.133789,2964.779297
4283,4592.54248,2878.585205
4284,4941.246582,3174.320068
4285,4605.268555,2732.203857
4286,4716.836914,3101.872559
4287,4533.57666,2905.335205
4288,4567.089355,2771.585693
4289,4744.411133,3147.94165
4290,4820.769531,2719.200439
4291,4827.557129,2723.287354
4292,4569.210449,2570.590088
4293,4536.970215,2748.551025
4294,4669.749512,3185.094482
4295,4495.821289,2844.404785
4296,4497.518555,2685.02002
4297,4500.063477,2674.24585
4298,4476.307617,2827.314697
4299,4500.487793,2670.158936
4300,4517.456543,2486.996582
4301,4456.369629,2799.450195
4302,4683.324219,2498.885498
4303,4432.61377,2770.099609
4304,4489.882324,2771.585693
4305,4722.775879,2475.479248
4306,4413.099609,2753.009277
4307,4721.503418,2546.069336
4308,4750.350098,2458.760498
4309,4393.161621,2770.099609
4310,4696.474609,2436.468994
4311,4743.5625,2574.305176
4312,4774.530273,2443.899658
4313,4754.167969,2592.51001
4314,4761.379395,2610.343262
4315,4764.349121,2623.34668
4316,4667.204102,2372.937988
4317,4408.433594,2315.351562
4318,4761.379395,2654.18335
4319,4739.320312,2352.132568
4320,4830.102051,2560.558838
4321,4614.601562,2394.858154
4322,4836.889648,2573.190674
4323,4717.26123,2651.582764
4324,4819.49707,2655.669434
4325,4830.102051,2589.537842
4326,4699.868652,2650.09668
4327,4338.437988,2348.045654
4328,4597.208496,2372.937988
4329,4832.223145,2611.829346
4330,4326.560059,2297.518311
4331,4296.016602,2299.747314
4332,5112.20459,2241.046143
4333,5614.898438,2392.257324
4334,5589.869629,2417.52124
4335,6549.866211,2667.929932
4336,5232.257324,3247.882324
4337,5849.48877,2509.659668
4338,5855.427734,2497.027832
4339,5571.628418,4515.529785
4340,5540.661133,4549.710449
4341,5538.540039,4564.199707
4342,5555.932617,4556.769043
4343,5650.532227,4532.991699
4344,5393.882812,2909.793457
4345,5587.324707,3830.063965
4346,5586.051758,3817.432129
4347,6968.141602,9088.274414
4348,6634.708984,9366.547852
4349,6630.042969,9362.460938
4350,6641.496582,9358.746094
4351,6625.376465,9358.746094
4352,6813.727539,9289.270508
4353,6764.518555,8099.271973
4354,6610.953125,9321.964844
4355,6604.166016,9310.076172
4356,6620.286133,9307.84668
4357,6613.498535,9305.989258
4358,6091.291016,9718.382812
4359,6049.717773,9725.813477
4360,5987.358398,9725.813477
4361,5852.03418,9705.750977
4362,5829.550781,9718.382812
4363,6403.088379,9603.953125
4364,5732.830078,9785.257812
4365,5684.469727,9757.021484
4366,5652.65332,9749.219727
4367,5641.624023,9848.045898
4368,6315.700195,9447.912109
4369,6308.912598,9436.023438
4370,6334.365723,9425.992188
4371,6292.368164,9405.929688
4372,6339.031738,9440.852539
4373,5575.446289,9798.632812
4374,5566.11377,9900.430664
4375,6238.068848,9482.092773
4376,6274.126953,9373.978516
4377,6271.582031,9369.519531
4378,6243.159668,9431.193359
4379,6311.882324,9359.860352
4380,5529.631348,9889.65625
4381,5524.964844,9772.625977
4382,6192.253906,9482.092773
4383,6190.557129,9435.280273
4384,6237.644531,9310.076172
4385,5491.876465,9951.701172
4386,5481.270996,9867.365234
4387,5474.483398,9770.396484
4388,5480.84668,9959.131836
4389,6185.466309,9405.557617
4390,5433.334961,9714.295898
4391,5451.576172,9841.358398
4392,5435.456055,9690.147461
4393,6212.191895,9264.75
4394,5394.731445,9718.754883
4395,5415.941895,9780.427734
4396,5380.308105,9720.983398
4397,6270.309082,9236.513672
4398,5373.520508,9722.098633
4399,5428.668457,9801.233398
4400,6258.855469,9201.961914
4401,5380.308105,9989.597656
4402,6123.53125,9374.349609
4403,5504.178711,9648.165039
4404,5300.97998,9732.873047
4405,5344.673828,10000.0
4406,6149.83252,9154.035156
4407,5355.279297,9934.982422
4408,5313.706543,9629.959961
4409,6132.015625,9122.455078
4410,6109.532227,9172.611328
4411,5236.075195,9741.045898
4412,5202.138184,9745.132812
4413,6086.624512,9135.458008
4414,6186.739258,9100.535156
4415,6061.595703,9196.017578
4416,5266.618652,9787.487305
4417,5965.299316,9374.349609
4418,5304.797852,9842.844727
4419,5244.983887,9557.512695
4420,6042.506348,9205.676758
4421,5407.033691,9586.491211
4422,6223.22168,9087.160156
4423,5965.299316,9346.114258
4424,6036.143066,9159.236328
4425,5227.59082,9799.74707
4426,5127.900391,9762.96582
4427,6218.979492,9154.777344
4428,5167.352539,9651.508789
4429,6001.781738,9225.368164
4430,6069.655762,9247.65918
4431,6198.192871,9164.808594
4432,5255.165039,9831.698242
4433,5187.714844,9509.584961
4434,6068.807617,9281.839844
4435,5326.856934,9518.130859
4436,5978.874023,9187.47168
4437,6244.007812,9158.864258
4438,5891.910156,9344.255859
4439,5088.44873,9719.498047
4440,5949.179199,9251.375
4441,5121.113281,9603.209961
4442,6067.534668,9311.933594
4443,6032.325195,8945.237305
4444,5034.149414,9777.827148
4445,5923.726074,9213.478516
4446,5897.849121,9276.638672
4447,5006.575195,9749.591797
4448,6000.509277,8888.393555
4449,5059.177734,9540.050781
4450,4976.880371,9721.726562
4451,5835.914062,9306.732422
4452,4953.972656,9709.466797
4453,6078.98877,8852.355469
4454,5892.334473,9004.681641
4455,5950.875977,8800.712891
4456,6193.102051,8882.820312
4457,4956.518066,9565.685547
4458,5861.791016,9017.313477
4459,4853.009766,9823.525391
4460,4869.129883,9705.379883
4461,5841.428711,9021.400391
4462,5925.42334,8756.501953
4463,5922.453613,8750.557617
4464,6241.038574,8862.386719
4465,5763.797363,9214.22168
4466,4846.222168,9697.578125
4467,6014.083984,8766.533203
4468,6051.838867,8766.533203
4469,6025.537598,8776.564453
4470,5897.000977,9084.930664
4471,5875.790039,8770.620117
4472,5758.707031,9027.71582
4473,5913.121094,9115.396484
4474,5861.791016,8748.328125
4475,6033.17334,8708.203125
4476,4711.746582,9002.080078
4477,4688.838867,8973.472656
4478,4672.71875,8984.24707
4479,4654.477539,8995.764648
4480,4643.023926,8997.62207
4481,4643.023926,8950.066406
4482,4514.486816,9249.145508
4483,4486.913086,9217.194336
4484,4498.366699,9210.134766
4485,4447.885254,9249.888672
4486,4441.946289,9249.888672
4487,4505.154297,9194.15918
4488,4605.268555,9247.65918
4489,4415.64502,9282.583008
4490,4607.813965,9287.78418
4491,4515.335449,9128.770508
4492,4399.949219,9312.676758
4493,4616.722656,9307.84668
4494,4683.324219,9246.916016
4495,4630.72168,9331.996094
4496,4479.277344,9106.479492
4497,4520.850098,9057.80957
4498,4655.75,9362.089844
4499,4538.242676,9078.986328
4500,4419.462891,9090.503906
4501,4737.623535,9310.076172
4502,4609.510742,9161.836914
4503,4701.56543,9420.418945
4504,4634.539551,9121.711914
4505,4439.400879,8956.011719
4506,4729.13916,9464.630859
4507,4636.660645,9091.618164
4508,4390.616211,9523.332031
4509,4747.380371,9498.811523
4510,4757.561523,9537.450195
4511,4830.102051,9497.325195
4512,4781.741699,9629.216797
4513,5729.012207,8749.071289
4514,5699.741211,8705.602539
4515,5760.828125,8795.883789
4516,5786.280762,8724.178711
4517,5773.130371,8791.796875
4518,5768.888184,8808.143555
4519,5780.341797,8804.056641
4520,5754.040527,8671.050781
4521,5846.095215,8740.526367
4522,5717.558105,8599.717773
4523,5851.609863,8626.838867
4524,5843.125488,8611.235352
4525,5667.925293,8587.085938
4526,5651.380859,8557.363281
4527,5818.097168,8566.280273
4528,5610.65625,8611.977539
4529,5620.413086,8501.634766
4530,5573.749512,8628.325195
4531,5715.861328,8530.242188
4532,5782.038574,8503.121094
4533,5638.22998,8663.991211
4534,5542.35791,8642.071289
4535,5656.471191,8666.220703
4536,5758.707031,8512.037109
4537,5649.259766,8684.053711
4538,5553.387207,8589.314453
4539,5764.645996,8473.398438
4540,5663.258789,8680.338867
4541,5590.718262,8447.763672
4542,5684.893555,8473.398438
4543,5590.718262,8431.788086
4544,5742.586914,8482.686523
4545,5674.288574,8454.079102
4546,5728.163574,8489.374023
4547,5529.631348,8545.103516
4548,5507.147949,8609.376953
4549,5597.505859,8409.868164
4550,5485.088867,8667.707031
4551,5574.598145,8701.515625
4552,5476.604492,8671.421875
4553,5521.146973,8529.499023
4554,5661.137695,8430.301758
4555,5588.172852,8701.515625
4556,5598.354004,8388.319336
4557,5703.134766,8443.676758
4558,5583.930664,8717.491211
4559,5595.384766,8711.546875
4560,5505.026855,8515.009766
4561,5477.453125,8565.166016
4562,5434.607422,8689.626953
4563,5579.264648,8357.854492
4564,5452.848633,8607.891602
4565,5507.996582,8730.866211
4566,5434.607422,8603.804688
4567,5441.39502,8587.829102
4568,5517.329102,8746.841797
4569,5429.940918,8591.916016
4570,5520.298828,8752.786133
4571,5362.915039,8677.366211
4572,5331.523438,8691.856445
4573,5338.310547,8700.772461
4574,5345.098145,8708.946289
4575,5282.73877,8713.776367
4576,5398.125,8734.953125
4577,5265.77002,8739.783203
4578,5256.013184,8753.901367
4579,5200.01709,8745.727539
4580,5195.350586,8785.852539
4581,5396.428223,8818.174805
4582,5421.880859,8846.039062
4583,5515.632324,8898.424805
4584,5505.026855,8921.087891
4585,5536.418945,8882.820312
4586,5585.203613,8858.299805
4587,5554.660156,8976.073242
4588,5499.512207,8815.203125
4589,5433.758789,8973.844727
4590,5646.290039,8836.750977
4591,5617.443848,8916.257812
4592,5474.483398,9002.080078
4593,5461.333008,8746.470703
4594,5684.04541,8830.063477
4595,5595.808594,8764.674805
4596,5474.483398,9051.493164
4597,5703.559082,8852.726562
4598,5679.378906,8785.852539
4599,5611.928711,8771.362305
4600,5614.474121,8755.015625
4601,5621.261719,8767.276367
4602,5720.103516,8883.563477
4603,5724.345703,8882.077148
4604,5566.11377,9044.063477
4605,5747.253418,8945.237305
4606,5803.249512,8853.469727
4607,5338.310547,9062.639648
4608,5626.352051,9038.861328
4609,5336.189941,9041.461914
4610,5313.706543,9064.49707
4611,5758.707031,9001.337891
4612,5329.402344,9029.573242
4613,5566.11377,9142.145508
4614,5303.949219,9007.282227
4615,5541.509277,9152.176758
4616,5527.93457,9155.892578
4617,5340.007812,9144.003906
4618,5575.446289,9202.333008
4619,5691.256836,9122.083984
4620,5601.32373,9192.301758
4621,5376.490234,9189.701172
4622,5394.731445,9178.183594
4623,5410.851562,9252.489258
4624,5065.541016,9150.691406
4625,5446.061035,9371.005859
4626,5437.57666,9428.963867
4627,5515.632324,9350.943359
4628,5497.391113,9300.044922
4629,5522.419922,9285.926758
4630,5597.505859,9316.763672
4631,4731.68457,8385.71875
4632,5300.131348,8038.341309
4633,5298.43457,8048.372559
4634,5307.767578,8002.303223
4635,5303.949219,7997.845215
4636,5290.374512,8089.983887
4637,5306.070312,8091.841309
4638,5306.070312,8105.959473
4639,5554.660156,7941.373047
4640,5584.35498,7998.959961
4641,5632.715332,8081.438477
4642,5562.295898,8115.619141
4643,5543.206055,8082.181641
4644,5452.424316,8116.361816
4645,5437.152832,8122.306641
4646,5395.57959,8132.337402
4647,5483.39209,8175.43457
4648,5486.785645,8181.378906
4649,5488.906738,8185.46582
4650,5369.702637,8139.024902
4651,5377.338379,8081.810059
4652,5385.822754,8187.694824
4653,5410.851562,8221.503906
4654,4771.984863,8914.400391
4655,4791.074707,8904.369141
4656,4802.52832,8902.511719
4657,4718.533691,8942.636719
4658,4841.556152,8909.570312
4659,4846.222168,8888.764648
4660,4841.556152,8878.733398
4661,4677.80957,8905.483398
4662,4827.980957,8854.584961
4663,4645.993164,8891.366211
4664,4855.130859,8848.640625
4665,4514.486816,8875.761719
4666,4509.820801,8847.897461
4667,4507.699707,8811.859375
4668,4546.302734,8851.984375
4669,4466.126465,8849.754883
4670,4542.061035,8809.629883
4671,4461.459961,8815.574219
4672,5316.251465,7308.664062
4673,5199.168457,7214.296387
4674,5192.381348,7218.383301
4675,5129.597656,7164.140137
4676,5124.506836,7168.970215
4677,5126.62793,7194.233887
4678,5130.870117,7198.320801
4679,5090.145508,7236.587891
4680,5074.025391,7234.358887
4681,5013.362793,7200.178223
4682,5938.57373,8669.936523
4683,4618.419434,8579.655273
4684,4617.570801,8567.766602
4685,4601.450684,8579.655273
4686,4601.450684,8567.766602
4687,4622.237305,8652.102539
4688,4558.181152,8655.446289
4689,4564.968262,8746.470703
4690,4464.005371,8661.019531
4691,4472.06543,8744.984375
4692,4459.338867,8757.245117
4693,5958.087402,6720.909668
4694,5060.874512,7309.035645
4695,5056.208496,7306.435059
4696,5106.689941,7330.583984
4697,5086.327637,7374.795898
4698,5042.633301,7356.59082
4699,5051.541992,7336.52832
4700,5060.026367,8252.711914
4701,5985.661621,9077.5
4702,5997.115234,9085.302734
4703,6001.781738,9069.327148
4704,6006.448242,9077.5
4705,5464.726562,8247.510742
4706,5468.544434,8241.566406
4707,5470.665527,8237.479492
4708,5831.247559,9122.826172
4709,5820.218262,9135.086914
4710,5815.127441,9141.03125
4711,5819.793945,9146.975586
4712,4985.364746,6606.10791
4713,4966.699219,6559.666992
4714,4948.033691,6535.146484
4715,4882.70459,6494.649902
4716,4805.07373,6445.608398
4717,4774.95459,6431.862305
4718,4724.473145,6495.021484
4719,4598.481445,6655.149414
4720,4554.787109,6709.020508
4721,4489.03418,6776.26709
4722,4410.130371,6855.030273
4723,4170.024902,7074.602539
4724,4140.754395,7106.182129
4725,4134.391113,7125.501465
4726,4125.482422,7148.536133
4727,4112.332031,7165.626465
4728,4052.941895,7266.310059
4729,4002.460449,7300.861816
4730,3932.465088,7369.96582
4731,3818.351562,7478.080078
4732,3769.991211,7510.774414
4733,3761.930908,7512.631836
4734,3737.750732,7518.576172
4735,3540.491211,7585.822754
4736,3459.466309,7585.822754
4737,3467.526367,7532.322754
4738,3483.646484,7514.489746
4739,3592.669678,7460.618164
4740,3613.031738,7458.760742
4741,3633.818359,7452.816406
4742,3638.060547,7444.642578
4743,3638.060547,7434.611328
4744,3617.698242,7400.802734
4745,3604.123291,7377.024902
4746,3598.184326,7380.368652
4747,3590.548584,7374.795898
4748,3627.879395,7364.764648
4749,3535.824951,7359.191406
4750,3702.965332,7336.52832
4751,3495.100342,7346.931152
4752,3753.022461,7310.893066
4753,3501.887695,7291.57373
4754,3470.071777,7415.663574
4755,3509.523682,7229.900391
4756,3445.891602,7456.53125
4757,3510.796143,7218.383301
4758,3409.833252,7409.719238
4759,3834.047363,7267.053223
4760,3596.063232,7309.778809
4761,3607.51709,7312.379395
4762,3379.289795,7411.57666
4763,3415.348145,7490.340332
4764,3614.304443,7313.493652
4765,3448.861084,7218.754883
4766,3518.007812,7144.449219
4767,3448.861084,7234.730469
4768,3895.558594,7225.070801
4769,3610.486572,7248.848145
4770,3437.407227,7242.532227
4771,3368.260254,7527.864258
4772,3416.620605,7314.236816
4773,3296.143799,7393.37207
4774,3430.619873,7296.403809
4775,3949.85791,7181.230469
4776,3238.450684,7385.198242
4777,3621.516113,7166.369629
4778,3292.750244,7569.104004
4779,3639.757324,7170.456055
4780,3531.158447,7007.727539
4781,3198.998779,7379.253906
4782,3533.279541,6989.522949
4783,3189.66626,7351.76123
4784,3218.937012,7605.14209
4785,3240.996094,7480.680664
4786,3202.816895,7301.976562
4787,3443.770508,7008.470703
4788,3108.641357,7396.71582
4789,4071.183105,7074.974121
4790,3208.331543,7282.285645
4791,3353.836914,7197.577637
4792,3102.278076,7378.13916
4793,3168.455322,7293.802734
4794,3173.970215,7274.111816
4795,3104.823242,7336.52832
4796,3673.270264,7017.387207
4797,3408.560547,7079.432129
4798,3551.945068,6804.874512
4799,3073.007324,7651.58252
4800,3372.078125,7061.599121
4801,3365.290771,7060.484375
4802,3358.079102,7059.370117
4803,3456.921143,6862.089355
4804,3219.361084,7140.362793
4805,3459.890625,6826.05127
4806,3551.945068,6736.885254
4807,3204.937744,7134.417969
4808,3042.463867,7586.56543
4809,3270.691162,6905.929688
4810,3548.127197,6703.076172
4811,3252.449951,6895.155273
4812,3178.636475,7109.154297
4813,3379.714111,6854.287598
4814,3252.449951,6932.679688
4815,3368.260254,6860.231934
4816,3368.260254,6844.256348
4817,3245.662354,6936.766113
4818,3361.4729,6854.287598
4819,3178.636475,7199.435059
4820,3231.66333,6928.964355
4821,4253.170898,6915.960938
4822,3595.63916,6730.569336
4823,3141.305664,7072.744629
4824,3294.871338,7060.112793
4825,3452.678955,6727.968262
4826,3193.908203,6860.603516
4827,3136.639404,7055.654785
4828,3520.977295,6626.913574
4829,3622.788818,6689.32959
4830,5323.887695,8262.0
4831,5101.599121,8744.984375
4832,5043.90625,8035.740723
4833,4723.200195,7250.334473
4834,4725.321289,7234.358887
4835,4723.200195,7218.383301
4836,4715.98877,7214.296387
4837,4707.080078,7212.438477
4838,4688.838867,7220.240723
4839,4679.506348,7236.587891
4840,4644.296387,7294.174316
4841,5019.726074,8899.167969
4842,5033.300781,8872.789062
4843,5026.513184,8818.546875
4844,5008.271973,8814.831055
4845,4914.09668,8838.609375
4846,5664.107422,9278.496094
4847,5822.763184,8443.304688
4848,5814.703125,8429.1875
4849,5798.583008,8449.25
4850,5793.916992,8439.21875
4851,5526.237793,8207.757812
4852,5177.958008,7599.94043
4853,4412.675293,7388.541992
4854,5861.366699,9171.496094
4855,5847.367676,9164.066406
4856,5847.367676,9180.041992
4857,5840.580566,9168.152344
4858,5923.302246,9133.972656
4859,4385.101562,8663.991211
4860,5153.353516,5294.620117
4861,5185.169434,5293.877441
4862,5175.412598,5367.811035
4863,5279.345215,5291.647949
4864,5328.978027,5293.505859
4865,5326.856934,5336.974121
4866,5405.760742,5338.832031
4867,5407.45752,5300.936035
4868,5731.557129,5156.78418
4869,5497.81543,5156.78418
4870,5496.966797,5126.69043
4871,5488.906738,5119.631348
4872,5499.512207,5213.255859
4873,5471.938477,5192.450684
4874,5547.023926,5241.120605
4875,5403.215332,5117.030762
4876,5430.365234,5177.960938
4877,5587.748535,5256.353027
4878,5406.185059,5174.98877
4879,5599.626465,5260.811523
4880,5396.852539,5175.360352
4881,5377.762695,5057.214844
4882,5368.854004,5180.19043
4883,5383.277344,5042.725586
4884,5340.431641,5193.936523
4885,5663.683105,5265.641113
4886,5338.734863,5072.076172
4887,5747.253418,5275.300781
4888,5246.680664,5230.346191
4889,5772.281738,5275.300781
4890,5791.795898,5273.443359
4891,5810.885254,5271.585449
4892,5193.653809,5259.696777
4893,5186.018066,5259.325195
4894,5833.368652,5269.728027
4895,5167.776855,5259.325195
4896,5854.57959,5266.012695
4897,5873.244629,5264.155273
4898,5136.384766,5259.325195
4899,5891.910156,5262.297363
4900,5924.574707,5257.467773
4901,6042.082031,5244.464355
4902,6088.321289,5239.262695
4903,6039.112305,5173.50293
4904,6039.112305,5152.325684
4905,6050.14209,5138.20752
4906,6079.413086,5119.631348
4907,6140.923828,5098.45459
4908,6292.368164,5187.620605
4909,6191.82959,5077.277344
4910,6237.220703,5056.472168
4911,6277.520996,5030.465332
4912,6484.537598,5156.041016
4913,6482.840332,5081.73584
4914,6500.233398,4933.496582
4915,6502.354492,4893.000488
4916,6492.597656,4875.166992
4917,6470.962402,4830.955566
4918,6539.685059,4846.931152
4919,6447.206543,4775.969727
4920,6586.772949,4809.407227
4921,6653.374512,4749.219727
4922,6732.702637,4723.212891
4923,6796.758789,4683.831055
4924,6828.999512,4676.400879
4925,6876.935547,4638.876465
4926,6881.177734,4641.477051
4927,7017.350586,4488.779785
4928,7061.46875,4462.401367
4929,7078.861328,4466.116699
4930,6601.620605,4475.404785
4931,6559.623535,4532.248535
4932,6647.435547,4412.245605
4933,6551.13916,4560.112793
4934,6686.039062,4352.058105
4935,6660.586426,4338.683105
4936,6613.498535,4314.53418
4937,6703.432129,4290.013184
4938,6581.258301,4290.384766
4939,6553.260254,4267.72168
4940,6795.486328,4246.916504
4941,6857.421387,4276.638672
4942,4660.84082,5313.939453
4943,4678.233398,5331.029785
4944,4636.660645,5289.418945
4945,4422.008301,5922.12793
4946,4480.125488,5908.381836
4947,4405.888184,5854.510254
4948,4480.125488,5889.805176
4949,4482.670898,5873.458008
4950,4395.707031,5824.416504
4951,4482.670898,5859.340332
4952,4336.316895,5861.197754
4953,3683.0271,5491.900879
4954,3971.916992,5481.126465
4955,3854.833984,5420.196289
4956,3976.15918,5412.765625
4957,4577.270508,5274.558105
4958,4588.724609,5247.436523
4959,4589.99707,5243.349609
4960,4982.39502,5308.366699
4961,4996.394043,4771.51123
4962,5011.241699,4773.740723
4963,4979.849609,4770.025391
4964,5098.205566,4729.157227
4965,5189.411621,4728.414551
4966,5174.988281,4701.664551
4967,5168.200684,4697.577637
4968,5222.924316,4791.57373
4969,5118.992188,4681.230469
4970,5267.466797,4772.625977
4971,5260.679688,4862.163574
4972,5310.3125,4782.285645
4973,4130.997559,5324.342285
4974,4040.639648,5301.679199
4975,4545.030273,5232.204102
4976,4319.772461,5799.152832
4977,4274.806152,5804.725586
4978,4206.931641,5798.78125
4979,5177.109375,5115.916016
4980,2644.551025,6322.261719
4981,2620.37085,6329.320801
4982,2680.609131,6312.230469
4983,2684.851318,6388.021973
4984,2594.06958,6268.019043
4985,2733.635986,6291.425293
4986,2591.948486,6263.932129
4987,2589.827393,6258.359375
4988,2561.829102,6390.622559
4989,2655.15625,6426.660645
4990,2738.302246,6372.789551
4991,2661.943848,6438.549805
4992,2771.391113,6262.446289
4993,2506.681396,6430.004395
4994,2692.062988,6219.349121
4995,2683.578613,6205.230957
4996,2607.220215,6466.414062
4997,2447.291504,6374.646973
4998,2611.886475,6472.358398
4999,2714.970459,6507.65332
5000,2835.447266,6200.029785
5001,2806.60083,6452.66748
5002,2729.393799,6500.223145
5003,2443.049316,6474.958984
5004,2784.117432,6466.785645
5005,2435.837646,6464.927734
5006,2761.634033,6157.675781
5007,2647.520508,6127.582031
5008,2874.475098,6165.477539
5009,2773.087891,6147.644531
5010,2754.84668,6143.557617
5011,2426.929199,6439.29248
5012,2359.479004,6398.424805
5013,2766.300537,6139.470703
5014,2652.611084,6546.291992
5015,2811.691406,6507.281738
5016,2773.087891,6557.80957
5017,2902.049072,6149.501953
5018,2640.733154,6091.915527
5019,2882.959229,6420.344727
5020,2394.264648,6522.514648
5021,2768.845703,6563.753906
5022,2642.854004,6072.224609
5023,2415.899658,6396.938477
5024,2832.9021,6526.972656
5025,2614.431885,6570.441406
5026,2387.477295,6552.236816
5027,2300.089111,6412.542969
5028,2901.624756,6457.497559
5029,2921.138672,6401.396973
5030,2938.107178,6193.713867
5031,2272.515137,6418.487305
5032,2950.409424,6187.769531
5033,2947.864014,6205.230957
5034,2909.260498,6481.646484
5035,2963.560059,6109.377441
5036,2938.53125,6421.459473
5037,2958.893555,6197.429199
5038,2891.019287,6367.216309
5039,2962.287354,6416.257812
5040,2728.121094,6660.350586
5041,3004.284668,6079.283691
5042,2298.392334,6568.212402
5043,2660.246826,5964.853516
5044,2538.921631,6039.901855
5045,2979.255859,6445.236816
5046,2755.695068,6085.971191
5047,2397.658447,6649.947754
5048,2201.24707,6422.57373
5049,2858.35498,6330.435547
5050,3020.404785,6065.165527
5051,2382.386719,6665.180664
5052,2988.588623,6468.271484
5053,2759.088867,6684.5
5054,2846.052734,6316.317383
5055,2420.565918,6675.95459
5056,2984.770752,6486.848145
5057,2664.064941,5915.44043
5058,2834.598877,6302.942383
5059,2607.220215,5954.822266
5060,2739.999268,6705.305176
5061,2872.354004,6300.713379
5062,3047.554443,6027.27002
5063,2663.640625,5894.263672
5064,3056.887207,6380.219727
5065,2786.662598,6654.777832
5066,2791.329102,6649.947754
5067,2438.807129,6711.992676
5068,2967.37793,6515.827148
5069,2456.199951,6029.127441
5070,2801.934326,6372.417969
5071,2335.723145,6699.732422
5072,2710.728271,6726.11084
5073,2795.571289,6330.807129
5074,2764.603516,6737.999512
5075,3086.157959,6369.445801
5076,2720.909424,5899.464844
5077,2552.496582,5952.964844
5078,2313.663818,6709.39209
5079,2793.450195,6256.130371
5080,2849.446289,6029.870605
5081,2941.925049,6539.976074
5082,3077.249512,6428.518555
5083,2411.657471,6023.554688
5084,2741.696045,6754.34668
5085,3108.641357,6354.212891
5086,2657.70166,5833.705078
5087,2823.993652,6702.70459
5088,3044.584961,6297.369629
5089,3065.795654,6438.549805
5090,2594.917969,5895.378418
5091,2458.745117,5968.94043
5092,2834.598877,6696.760254
5093,2392.143555,6020.954102
5094,2762.482422,6283.251465
5095,2267.848877,6696.01709
5096,2892.291992,6026.155273
5097,2633.097168,6769.951172
5098,2955.5,5565.462891
5099,3009.375244,5585.525391
5100,3032.282715,5568.806641
5101,2977.134766,5601.129395
5102,3057.735596,5550.602051
5103,2927.926025,5627.879395
5104,2893.98877,5659.830566
5105,2963.560059,5482.612793
5106,3115.004395,5492.643555
5107,2936.4104,5492.643555
5108,3117.973877,5679.149902
5109,2951.682129,5446.574707
5110,2851.143311,5684.351074
5111,2940.228271,5420.567871
5112,2907.988037,5532.025391
5113,3174.394531,5420.567871
5114,2917.320557,5388.245117
5115,3165.910156,5741.566406
5116,2913.502686,5385.644043
5117,2892.291992,5736.364746
5118,2789.208008,5708.128906
5119,3172.273438,5555.431641
5120,2606.371582,5664.289062
5121,2804.903809,5757.913574
5122,2732.363281,5719.646484
5123,2956.772461,5337.345703
5124,2946.591553,5782.0625
5125,2581.343018,5671.347656
5126,3066.644043,5781.691406
5127,2827.811523,5801.753418
5128,2560.980713,5637.910645
5129,3266.024658,5306.880859
5130,2634.793945,5747.510742
5131,2513.46875,5691.038574
5132,3210.876953,5458.091797
5133,2712.425293,5506.390137
5134,2778.602539,5282.359863
5135,3046.281738,5394.932617
5136,2645.399414,5779.090332
5137,2647.520508,5785.777832
5138,3317.778809,5334.373535
5139,3322.445068,5336.974121
5140,2885.080322,5869.742676
5141,3051.372314,5231.089355
5142,2481.652832,5641.254395
5143,3240.571777,5412.022461
5144,2452.806152,5708.128906
5145,2742.96875,5316.168945
5146,2599.584229,5795.065918
5147,3094.64209,5420.939453
5148,3299.537598,5366.324707
5149,2463.411621,5637.16748
5150,3356.382324,5354.436035
5151,2852.416016,5891.663086
5152,3346.201172,5304.279785
5153,2468.077881,5621.191895
5154,3361.4729,5357.408203
5155,2456.624023,5627.13623
5156,3366.13916,5357.036621
5157,2580.070312,5799.152832
5158,3164.213379,5253.752441
5159,2549.951172,5513.077637
5160,3274.509033,5384.158203
5161,3106.944336,5221.429688
5162,2702.668213,5286.075195
5163,3360.624512,5270.842773
5164,2703.940918,5353.321289
5165,2815.084961,5899.464844
5166,2553.344971,5485.956543
5167,2551.648193,5805.097168
5168,3364.442383,5260.811523
5169,2805.752441,5891.291504
5170,2686.548096,5274.929199
5171,3139.608887,5216.599609
5172,2563.950195,5756.055664
5173,2690.790283,5270.099609
5174,2371.78125,5704.413574
5175,2679.760742,5201.73877
5176,2958.469482,5224.773438
5177,2789.632324,5891.291504
5178,2695.880859,5264.155273
5179,2956.348389,5953.708008
5180,2819.327148,5933.645508
5181,3163.364746,5212.513184
5182,3366.987549,5221.80127
5183,3440.801025,5393.446289
5184,2821.872559,5959.652344
5185,3353.836914,5221.80127
5186,2640.733154,5197.651855
5187,3326.687256,5453.633301
5188,2483.773926,5812.899414
5189,3289.356445,5250.037109
5190,2630.976074,5196.908691
5191,3463.28418,5403.849121
5192,3289.356445,5234.061523
5193,3479.404297,5411.279297
5194,2753.573975,5203.596191
5195,2847.325439,5347.005371
5196,2779.026855,5970.42627
5197,2876.596191,5221.429688
5198,3260.51001,5234.061523
5199,3012.768799,6020.210938
5200,2861.324463,5219.200684
5201,3311.839844,5513.820801
5202,3016.58667,6025.041016
5203,3127.730957,5054.98584
5204,3441.225098,5448.432129
5205,2673.821777,5141.180176
5206,2373.478027,5811.784668
5207,3263.055176,5215.485352
5208,3028.888916,6028.384766
5209,2373.902344,5822.559082
5210,3438.255615,5463.292969
5211,2250.880127,5689.552734
5212,3045.43335,5880.145508
5213,2555.041748,5200.252441
5214,2348.449463,5814.01416
5215,3157.850098,5066.874512
5216,2139.312012,5741.566406
5217,2110.04126,5759.02832
5218,2221.185303,5693.268066
5219,2048.105957,5795.065918
5220,2155.007812,5829.618164
5221,2205.489258,5671.719238
5222,2160.098389,5849.309082
5223,2160.098389,5634.195312
5224,2135.069824,5650.54248
5225,2071.861816,5872.715332
5226,2164.764893,5931.416016
5227,2130.40332,5660.57373
5228,2062.529053,5865.65625
5229,2123.615967,5603.72998
5230,2055.741699,5881.260254
5231,1936.113403,5858.597168
5232,2048.954346,5873.458008
5233,1928.901733,5840.39209
5234,2116.828613,5934.01709
5235,1919.993164,5824.416504
5236,1917.872192,5814.385254
5237,2066.77124,5660.57373
5238,2102.82959,5919.527344
5239,2096.041992,5924.729004
5240,2183.005859,6000.148438
5241,2091.375732,5927.701172
5242,1970.474731,5914.697754
5243,2073.558838,5544.286133
5244,2041.742676,5660.57373
5245,2041.742676,5674.320312
5246,2150.341553,5997.17627
5247,1916.599487,5772.402832
5248,1914.902588,5728.562988
5249,2033.258423,5478.154297
5250,2020.531982,5985.287598
5251,2278.030029,6010.179688
5252,2024.774048,5464.407715
5253,2292.029053,6011.294434
5254,1913.205811,5693.639648
5255,2280.575195,5990.117188
5256,1833.877686,5774.632324
5257,1913.205811,5687.694824
5258,2019.259277,5455.491211
5259,1995.92749,5984.172852
5260,1829.211426,5778.71875
5261,1913.205811,5681.750488
5262,1775.336182,5955.56543
5263,2278.030029,5974.141602
5264,1913.205811,5673.577148
5265,1995.079102,5495.244629
5266,1815.21228,5778.71875
5267,2145.675049,6102.689941
5268,1815.21228,5756.427246
5269,1988.291748,5481.869629
5270,2000.169678,6017.981934
5271,1998.472778,5726.705078
5272,2283.968994,6062.193359
5273,1996.776001,5417.966797
5274,2003.13916,5720.760742
5275,1993.806519,5410.536621
5276,2292.029053,6071.853027
5277,2264.455078,5932.530762
5278,1988.715942,5399.019043
5279,1928.053223,5986.030762
5280,1983.201172,5386.015625
5281,1961.990356,5422.053711
5282,1698.977661,5990.860352
5283,1729.521118,5884.232422
5284,1955.627197,5410.536621
5285,1898.358276,5994.204102
5286,2113.859131,5413.137207
5287,2255.546631,5886.461426
5288,1987.867432,5358.522949
5289,1721.885254,5872.715332
5290,2052.772217,6121.637695
5291,1994.230713,5339.575195
5292,2141.857178,5398.275879
5293,1999.321289,5326.200195
5294,1858.906372,6007.950684
5295,2001.442383,5319.141113
5296,1700.674561,5840.763672
5297,1964.535645,5337.717285
5298,1789.759521,5848.565918
5299,1964.535645,5326.200195
5300,1656.556274,5898.350586
5301,1746.913818,6066.651855
5302,2015.017212,5275.672363
5303,1813.515503,6033.95752
5304,2194.884033,5370.783203
5305,1670.555298,5794.694824
5306,2170.703857,5462.550293
5307,2207.186279,5365.953125
5308,2020.956177,5260.811523
5309,1666.737427,5788.378418
5310,1588.682007,6039.530273
5311,1668.434204,5778.347656
5312,1764.306641,5805.097168
5313,2028.592041,5243.349609
5314,2228.821045,5357.779785
5315,1624.740112,5844.850586
5316,2035.379517,5229.974609
5317,2214.822021,5329.543945
5318,1592.924072,5926.586426
5319,1617.952759,5832.961914
5320,2003.987671,5228.117188
5321,1638.315063,5837.048828
5322,1549.230103,6061.450195
5323,2010.35083,5218.45752
5324,1631.527588,5827.017578
5325,1732.490601,5766.830078
5326,1613.286377,5954.450684
5327,1658.677246,6127.582031
5328,2295.422607,5348.120117
5329,1514.444458,6082.999023
5330,2239.850586,5267.870605
5331,1556.44165,5866.770508
5332,2133.797119,5292.762695
5333,2241.547607,5242.978027
5334,212.531281,7905.334961
5335,0.0,7901.991211
5336,25.028635,7852.207031
5337,716.497681,7891.217285
5338,4.666356,7364.393066
5339,1243.795898,7872.640625
5340,55.996265,7023.332031
5341,83.570183,6752.117676
5342,1620.073853,7856.293457
5343,295.677246,6620.226074
5344,726.678833,6933.793945
5345,125.143173,6336.008301
5346,769.948669,6925.620605
5347,467.908203,6510.253906
5348,2053.620605,7842.175781
5349,242.650497,6340.466797
5350,582.870239,6447.094727
5351,653.289795,6412.542969
5352,723.285095,6377.990723
5353,2334.026123,7831.401367
5354,1139.439209,6880.294434
5355,829.762878,6336.008301
5356,2507.954102,7822.484863
5357,2641.581543,7793.877441
5358,2447.715576,7676.103516
5359,1472.023071,6838.312012
5360,1116.955811,6247.956543
5361,1157.68042,6501.708984
5362,1173.800537,6493.535645
5363,770.372864,5936.246094
5364,1124.16748,6518.056152
5365,2798.540771,7742.234863
5366,1188.648071,6229.008789
5367,2375.175049,7501.486328
5368,2623.764404,7587.308594
5369,2026.470947,7025.561035
5370,859.03363,5869.742676
5371,1983.625366,7039.307617
5372,1303.610107,6194.457031
5373,2110.465332,6997.696777
5374,897.212891,5803.239746
5375,1724.006226,6804.131348
5376,2750.604492,7515.232422
5377,1883.086548,7076.459961
5378,903.576111,6584.187988
5379,928.180542,5740.080078
5380,1776.608887,6796.329102
5381,1415.178345,6144.300781
5382,2804.479736,7489.225586
5383,967.632446,5742.30957
5384,1477.113647,6471.986816
5385,2321.724121,7278.570312
5386,975.692505,5741.937988
5387,1495.354858,6470.500977
5388,2106.647461,6854.65918
5389,2116.404297,6850.572266
5390,951.936523,5671.719238
5391,1001.56958,5740.080078
5392,1788.062622,7099.494629
5393,2311.967041,7238.816895
5394,973.571472,5706.643066
5395,1012.174927,5733.021484
5396,983.328369,5676.549316
5397,1465.659912,6240.154785
5398,999.024292,5657.973145
5399,1041.021484,5698.469238
5400,1576.379761,6464.927734
5401,1021.083435,5803.98291
5402,2295.846924,7176.029297
5403,730.920959,6632.486328
5404,1061.807983,5667.26123
5405,2001.442383,6895.898438
5406,957.451294,5572.521973
5407,1421.541626,6263.188965
5408,1043.566772,5657.973145
5409,1502.142334,6612.052246
5410,2510.499268,7243.275391
5411,1071.564941,5803.98291
5412,1083.867188,5634.195312
5413,2224.154785,6746.916504
5414,1090.654541,5624.164062
5415,1284.94458,5983.80127
5416,1355.364136,6288.824707
5417,1262.885498,5956.308594
5418,1262.461304,5935.131348
5419,2039.621582,6716.07959
5420,1143.681274,5652.399902
5421,1065.20166,5563.977051
5422,2048.954346,6706.04834
5423,1060.959595,5546.886719
5424,1137.74231,5552.831055
5425,1147.499268,5681.007812
5426,1868.66333,6936.766113
5427,1289.610962,6308.886719
5428,1631.103394,6589.760742
5429,1375.72644,5964.481934
5430,957.451294,5424.282715
5431,1768.124512,6445.97998
5432,2268.697266,6981.720703
5433,1266.279175,5865.284668
5434,2255.122314,6892.554688
5435,1412.208862,6010.922852
5436,1214.10083,5540.570801
5437,1329.062866,5841.506836
5438,1747.762329,6986.922363
5439,463.241852,6744.687012
5440,1346.879883,5879.402344
5441,1148.771851,6342.695801
5442,1085.988159,5977.11377
5443,2208.45874,6643.631836
5444,1244.220093,5730.42041
5445,1924.659546,6430.747559
5446,1322.275513,5523.108887
5447,422.093079,6768.836426
5448,995.630615,5346.633789
5449,1380.392822,5750.854492
5450,1399.482422,5754.569824
5451,1185.678589,5732.649902
5452,2993.679199,5065.760254
5453,2905.442627,5053.871094
5454,2884.65625,5049.041504
5455,2866.415039,5044.95459
5456,2877.868652,5159.384766
5457,2751.028809,4995.541504
5458,2809.570312,5146.75293
5459,2699.69873,5092.510254
5460,2692.911377,5104.770508
5461,2803.631348,5120.374512
5462,2562.253418,5057.214844
5463,3078.946289,5036.409668
5464,3001.739258,4997.399414
5465,2992.830811,4989.597168
5466,3810.291504,6769.208008
5467,3824.290527,6745.801758
5468,3783.141846,6815.648926
5469,3772.536377,6831.624512
5470,3739.871826,6736.885254
5471,3909.133301,6777.75293
5472,3697.450439,6719.794922
5473,3902.345947,6761.777344
5474,3831.92627,6857.259766
5475,3680.481934,6713.107422
5476,3924.829346,6813.419434
5477,3840.834961,6839.42627
5478,3918.890137,6732.055176
5479,3653.332275,6762.89209
5480,3738.599365,6641.774414
5481,3897.255371,6863.204102
5482,3940.949463,6684.128418
5483,3868.833008,6706.04834
5484,3884.104736,6886.610352
5485,3945.615723,6656.26416
5486,3841.259033,6698.618164
5487,3836.592773,6706.04834
5488,3831.92627,6696.01709
5489,3834.47168,6710.135254
5490,3693.208252,6606.10791
5491,3681.754639,6606.10791
5492,3961.311768,6626.541992
5493,3672.845947,6610.194824
5494,3931.616699,6626.541992
5495,3620.667725,6639.916992
5496,3999.915039,6556.694824
5497,3859.076172,6616.510742
5498,4013.48999,6520.656738
5499,3809.443115,6594.59082
5500,3779.32373,6590.503906
5501,3820.04834,6559.666992
5502,3758.961426,6584.55957
5503,3817.078857,6543.691406
5504,3754.295166,6581.958496
5505,3814.533691,6527.344238
5506,3752.174072,6566.726074
5507,3738.599365,6572.67041
5508,3803.928223,6485.733398
5509,3755.567871,6491.306152
5510,3860.348633,6474.587402
5511,3736.053955,6495.764648
5512,3735.205566,6457.497559
5513,3851.016113,6422.57373
5514,3918.466064,6474.587402
5515,3711.025391,6425.174805
5516,3920.587158,6532.545898
5517,3805.200928,6370.560059
5518,3647.393311,6448.952148
5519,3999.915039,6471.243652
5520,3666.48291,6365.358887
5521,3602.002197,6577.500488
5522,3610.910889,6469.014648
5523,3999.915039,6420.344727
5524,3855.682373,6312.230469
5525,3655.029053,6311.116211
5526,3980.825439,6415.88623
5527,3648.241699,6301.084961
5528,4010.520508,6399.167969
5529,3563.398926,6530.687988
5530,4010.520508,6379.848633
5531,4005.854248,6374.275391
5532,3558.732422,6502.82373
5533,3999.915039,6366.473633
5534,4015.186768,6364.615723
5535,3935.010498,6415.88623
5536,3921.435547,6424.060059
5537,2568.616699,6922.276855
5538,2544.436523,6875.092773
5539,2502.863525,6889.210938
5540,2490.561279,6902.95752
5541,2613.15918,6845.370605
5542,2644.975098,6825.308594
5543,2656.428955,6801.530762
5544,2459.169434,6792.242676
5545,2406.142578,6072.596191
5546,2529.164795,5847.451172
5547,2539.77002,5901.322754
5548,2517.286621,5903.551758
5549,2484.197998,5908.010254
5550,2495.227539,5960.766602
5551,2389.174072,5919.898926
5552,2381.114014,5869.742676
5553,2394.688721,5973.027344
5554,2330.632568,5877.544922
5555,2330.632568,5893.520508
5556,3500.61499,5568.435059
5557,3479.828613,5454.376465
5558,3190.514648,7004.012695
5559,3134.942627,7006.241699
5560,3134.518311,6986.550781
5561,3138.760498,6924.134277
5562,3144.699463,6911.502441
5563,3147.668945,6905.186523
5564,3154.456299,6895.526855
5565,2639.036133,6935.651855
5566,842.489319,5893.520508
5567,622.746338,6767.72168
5568,629.533813,6765.121094
5569,970.60199,6705.305176
5570,3151.486816,6324.491211
5571,3171.849121,6310.373047
5572,3179.060791,6353.470215
5573,3160.81958,6294.769043
5574,3156.15332,6280.650879
5575,3209.179932,6284.737793
5576,3153.60791,6263.560547
5577,3151.486816,6249.071289
5578,3137.912109,6387.278809
5579,3230.814941,6311.858887
5580,3148.093262,6230.123535
5581,3239.723389,6321.519043
5582,3110.338135,6271.734375
5583,3218.088379,6321.519043
5584,3224.45166,6329.320801
5585,3274.933105,6240.154785
5586,3076.400879,6283.623047
5587,3139.18457,6182.196289
5588,3201.119873,6224.178711
5589,3293.174316,6238.296875
5590,3219.361084,6215.262207
5591,3134.093994,6155.075195
5592,3221.482178,6202.258789
5593,3324.990479,6247.956543
5594,3237.602295,6206.345703
5595,3350.019043,6256.130371
5596,3126.458252,6112.721191
5597,3224.45166,6156.561035
5598,3070.461914,6184.054199
5599,3232.936035,6150.616699
5600,3386.501465,6257.987793
5601,3120.094971,6076.311523
5602,3253.722412,6162.876953
5603,3228.693848,6122.752441
5604,3226.572754,6102.689941
5605,3038.645996,6143.929199
5606,3251.601318,6120.522949
5607,3031.434326,6221.949707
5608,3124.337158,6021.325684
5609,3004.284668,6248.699707
5610,3082.76416,6003.120605
5611,2986.043457,6163.991699
5612,3212.997803,6004.235352
5613,3213.846436,5992.34668
5614,3262.630859,5992.34668
5615,3218.512695,5940.333008
5616,3268.994141,5988.631348
5617,3224.45166,5876.801758
5618,3736.902344,5656.486816
5619,3729.266602,5651.657227
5620,3766.597412,5658.344238
5621,3702.965332,5663.174316
5622,3789.080811,5662.431152
5623,3680.906006,5690.295898
5624,4307.894531,6866.17627
5625,4369.830078,6802.273926
5626,4388.071289,6764.37793
5627,4404.191406,6730.569336
5628,4472.914062,6646.23291
5629,4507.275391,6603.135742
5630,4532.303711,6573.413574
5631,4548.0,6553.351074
5632,4557.33252,6537.375488
5633,4568.786133,6509.51123
5634,4570.907227,6485.733398
5635,4566.241211,6457.869141
5636,4554.787109,6435.206055
5637,4209.052734,5978.97168
5638,4150.086914,5984.544434
5639,4133.54248,5913.211426
5640,3742.841309,6283.994629
5641,3391.167969,5427.626465
5642,3445.042969,5503.046387
5643,3021.253174,7165.254883
5644,3016.58667,7121.414551
5645,3084.885254,7094.665039
5646,3096.339111,7124.758301
5647,3103.126465,7166.369629
5648,2871.929688,7178.629883
5649,3110.338135,7199.435059
5650,3114.156006,7259.994141
5651,3105.247559,7280.056641
5652,3105.247559,7301.976562
5653,1382.513916,7125.501465
5654,901.455078,7241.789062
5655,632.079102,7339.128906
5656,438.213196,7342.472656
5657,4078.394775,6008.322266
5658,4062.274658,6012.40918
5659,4099.181152,5991.603516
5660,4026.640625,6018.353516
5661,3976.15918,6020.210938
5662,3937.555664,6038.044434
5663,4047.00293,6116.064941
5664,3995.248779,6132.783691
5665,3458.193604,5991.231934
5666,1437.661743,6054.02002
5667,1494.082153,6046.217773
5668,3539.218506,6272.848633
5669,907.394043,6440.407227
5670,903.576111,6396.566895
5671,4167.47998,6665.180664
5672,4219.658203,6643.260742
5673,3022.525879,5840.020996
5674,3292.325928,5595.185059
5675,3289.356445,5626.764648
5676,3483.646484,6521.399902
5677,3472.616943,6528.830566
5678,3467.526367,6457.497559
5679,3409.40918,6571.927246
5680,3410.681641,6576.01416
5681,3390.319336,6589.38916
5682,3451.830566,6356.070801
5683,3441.225098,6673.725586
5684,3316.082031,6704.5625
5685,3294.022705,6758.433594
5686,3281.720703,6782.583008
5687,3784.414307,6218.234375
5688,3694.905273,6111.606445
5689,3720.782227,6098.974609
5690,3709.328369,6089.686523
5691,3697.874756,6065.908691
5692,3673.270264,6014.266602
5693,3657.150146,6014.266602
5694,3846.773926,6035.814941
5695,3611.759277,6049.933105
5696,3602.426514,6064.05127
5697,3894.709961,6106.033691
5698,3579.943115,6097.859863
5699,3674.967041,5498.588379
5700,3109.489746,5952.964844
5701,2343.358887,5805.840332
5702,2329.78418,5805.840332
5703,2336.571533,5819.958496
5704,2352.69165,5819.958496
5705,3653.332275,5840.763672
5706,3651.211182,5830.361328
5707,3648.665771,5821.072754
5708,2755.270752,5828.131836
5709,2722.182129,5823.302246
5710,2703.940918,5823.302246
5711,2901.200439,6560.781738
5712,2874.475098,6578.243652
5713,2850.718994,6594.59082
5714,1249.310669,7312.007812
5715,3718.237061,5735.62207
5716,3724.176025,5725.962402
5717,3693.208252,5777.976074
5718,3645.696289,5556.174805
5719,3656.72583,5555.803223
5720,3660.968018,5555.803223
5721,5556.356934,380.442871
5722,5507.996582,341.432617
5723,5630.169922,423.168365
5724,5477.028809,314.311188
5725,5591.142578,577.351746
5726,5562.720215,708.128967
5727,5391.761719,673.577026
5728,5378.611328,682.865234
5729,5371.82373,680.264526
5730,5367.581543,679.149963
5731,5932.210449,605.216248
5732,5560.599121,939.218323
5733,6248.674316,649.427856
5734,6306.367676,646.455627
5735,6338.60791,561.37616
5736,6439.146484,548.744263
5737,6185.890625,900.57959
5738,6540.109375,617.848145
5739,6274.55127,895.006714
5740,6115.895508,819.586853
5741,6425.995605,967.825806
5742,5944.512695,808.06958
5743,6521.868164,857.482544
5744,6543.079102,863.798462
5745,6534.17041,919.155884
5746,6532.897949,925.471863
5747,6554.108398,790.607788
5748,6666.525391,771.288452
5749,6591.015137,569.549683
5750,6605.01416,746.396179
5751,6606.710938,385.644226
5752,6772.578613,416.480896
5753,6760.700684,475.182037
5754,6753.489258,523.85199
5755,6750.943848,572.150391
5756,6733.975098,601.500977
5757,6714.885742,658.344482
5758,5334.492676,396.790009
5759,5641.199707,1139.099365
5760,5676.409668,1131.297363
5761,5656.471191,1076.311523
5762,6003.902832,1163.248657
5763,6057.353516,1288.824463
5764,6137.530273,1279.536377
5765,5826.157227,2322.4104
5766,5815.127441,2317.208984
5767,5861.791016,2339.12915
5768,6158.316895,1831.252808
5769,6132.015625,1842.770142
5770,6061.595703,1886.981689
5771,6026.38623,1875.464355
5772,6207.101562,1788.527222
5773,6314.003418,1682.642334
5774,6114.198242,1392.480347
5775,6145.590332,1513.226318
5776,6145.590332,1523.257568
5777,6145.590332,1550.750488
5778,6049.293457,1533.288696
5779,6038.26416,1443.750977
5780,5946.209473,1570.441406
5781,5935.180176,1476.44519
5782,5757.010254,2247.733643
5783,6560.47168,4680.858887
5784,5730.708984,4609.154297
5785,6542.230469,4479.863281
5786,6557.078125,4475.404785
5787,6557.078125,4488.408203
5788,6563.865234,4480.978027
5789,6519.322754,4465.745117
5790,6513.383789,4476.519531
5791,6539.26123,4425.992188
5792,6554.108398,4390.325684
5793,6556.229492,4376.950684
5794,6595.681641,4407.787109
5795,6549.866211,4335.710938
5796,7115.768066,3637.984863
5797,7092.012207,3663.991699
5798,7077.164551,3682.196533
5799,7065.286621,3700.772705
5800,7047.04541,3726.779541
5801,7047.04541,3758.359375
5802,7044.075684,3786.966797
5803,7041.106445,3815.574463
5804,7036.864258,3828.206299
5805,7105.162598,3849.011719
5806,7126.797852,3863.872803
5807,7137.402832,3933.348145
5808,7154.371582,3931.490479
5809,7180.248535,3995.021484
5810,7188.73291,4004.681152
5811,7203.580566,4010.25415
5812,7231.578613,4012.111816
5813,7259.57666,4008.396484
5814,7268.061035,4006.538818
5815,7332.117188,4013.969482
5816,7349.510254,3991.306396
5817,7364.357422,3978.302979
5818,5614.898438,4585.748047
5819,6305.094727,4727.299805
5820,6202.435059,4693.490723
5821,5393.458496,4774.111816
5822,5344.25,4761.108398
5823,5327.28125,4747.733887
5824,5290.798828,4689.032715
5825,5288.677734,4685.317383
5826,5498.239746,4693.862305
5827,5510.96582,4723.956055
5828,5515.208008,4757.765137
5829,5506.723633,4787.858398
5830,5432.486328,4612.126465
5831,5454.121094,4602.466797
5832,5605.141602,4806.435059
5833,5708.225586,4862.906738
5834,5853.730957,4934.239746
5835,6251.219727,4642.963379
5836,6174.437012,4611.012207
5837,6442.540039,4118.368164
5838,5992.873047,4694.233887
5839,5971.662598,4670.084473
5840,6115.046875,4712.438477
5841,6084.927734,4701.292969
5842,6072.201172,4718.011719
5843,4388.919434,3650.988281
5844,4400.373535,3652.102783
5845,4384.25293,3631.297363
5846,4361.77002,3656.189697
5847,4365.587891,3635.384277
5848,4429.644043,3671.050781
5849,4326.984375,3684.425537
5850,4453.824219,3703.001953
5851,4306.197754,3700.772705
5852,4460.611816,3726.779541
5853,4380.435059,3728.637207
5854,4413.523926,3736.439209
5855,4399.524902,3733.095459
5856,4399.524902,3788.081543
5857,3901.497559,3336.677002
5858,3853.561279,3360.083252
5859,3879.438232,3398.721924
5860,3930.768311,3473.770264
5861,3787.383789,3444.419678
5862,3862.894043,3558.478271
5863,3940.949463,3616.807861
5864,3157.001709,2815.797363
5865,3166.758545,2819.884033
5866,4195.901855,2263.709229
5867,4246.383789,2260.737061
5868,4242.989746,2193.490967
5869,4242.141602,2178.258301
5870,4241.717285,2161.539551
5871,4227.293945,2164.511719
5872,4198.447266,2196.834717
5873,3867.560303,2221.726807
5874,3836.592773,2239.931641
5875,3898.528076,2203.150635
5876,3846.349609,2186.803467
5877,3818.775635,2250.334473
5878,3817.503174,2201.664551
5879,4284.987305,2943.973877
5880,4290.92627,2952.519043
5881,4280.745117,2961.435547
5882,3160.395264,3063.605225
5883,3095.490723,2994.501465
5884,4288.805176,4475.404785
5885,3028.464844,2898.276123
5886,4904.76416,4314.53418
5887,4895.006836,4292.242676
5888,4890.34082,4274.40918
5889,4925.125977,4288.155762
5890,4980.698242,3465.968262
5891,3991.430908,3799.227295
5892,3872.650879,4588.720703
5893,5033.725098,4425.249023
5894,2910.95752,2987.070801
5895,3112.459229,3122.306396
5896,5022.695312,3689.255371
5897,5044.330566,3769.505127
5898,3814.533691,3024.223389
5899,3867.560303,2997.845215
5900,2972.892822,2946.202881
5901,3075.976807,2829.543701
5902,3070.461914,2827.686035
5903,3064.947266,2828.429199
5904,3059.432373,2828.800781
5905,4303.652344,2845.519287
5906,4298.562012,2838.088867
5907,4307.046387,2835.488281
5908,4068.213623,3517.23877
5909,4133.54248,2675.731934
5910,4162.38916,2678.704102
5911,4176.8125,2786.446777
5912,4128.452148,2816.168701
5913,3207.907471,3248.996826
5914,3811.139893,3140.882812
5915,3803.503906,3144.226562
5916,1533.958374,5696.983398
5917,1542.018433,5724.476074
5918,1559.835449,5762.371582
5919,1446.145996,5752.711914
5920,1469.901978,5804.725586
5921,1449.963989,5806.583496
5922,1801.637451,5313.939453
5923,1690.069092,5329.543945
5924,1690.069092,5401.619629
5925,1611.589478,5331.772949
5926,1690.069092,5417.224121
5927,1651.889893,5401.619629
5928,1604.802124,5367.067871
5929,1620.498047,5281.988281
5930,1690.069092,5459.206543
5931,1625.588623,5399.390625
5932,1628.558105,5383.043457
5933,1567.046997,5365.953125
5934,1690.069092,5485.584961
5935,1648.92041,5467.008301
5936,1690.069092,5518.279297
5937,1618.376953,5465.522461
5938,1552.623779,5417.224121
5939,1612.862183,5457.720215
5940,1612.862183,5425.769043
5941,1544.987915,5465.522461
5942,1864.845337,5394.189453
5943,1856.361084,5460.692383
5944,1851.270508,5426.140625
5945,2166.037354,5108.48584
5946,2157.977295,5160.871094
5947,2247.062256,5152.325684
5948,2302.210205,5148.981934
5949,2358.630615,5337.345703
5950,2378.568604,5327.686035
5951,2385.780273,5300.936035
5952,2410.809082,5223.658691
5953,1523.777222,5263.040527
5954,1531.83728,5200.252441
5955,1498.748535,5357.036621
5956,1400.330933,5183.53418
5957,1405.421509,5153.44043
5958,1442.328125,5514.935547
5959,1433.84375,5559.146973
5960,1284.096191,5168.30127
5961,1444.873413,5070.589844
5962,1256.522339,5164.95752
5963,1472.447266,5083.22168
5964,1467.356689,5024.520508
5965,1501.293823,5089.537598
5966,1320.154419,5107.742676
5967,1530.564575,5095.854004
5968,1517.41394,5026.006836
5969,1411.360474,5667.632812
5970,1555.593262,5095.854004
5971,1506.808594,4942.413574
5972,1573.410278,5033.809082
5973,1463.114624,4927.923828
5974,1458.024048,4926.066406
5975,1536.079468,4881.854492
5976,1306.155396,4947.614746
5977,1597.16626,4937.211914
5978,1286.641479,4970.649414
5979,1567.895508,4815.723145
5980,1551.775391,4926.066406
5981,1593.348267,4835.785645
5982,1608.619995,4847.674316
5983,1257.794922,5046.440918
5984,1424.511108,4810.521484
5985,1386.331787,4854.733398
5986,2333.177734,5236.290527
5987,2309.421875,5247.808105
5988,1373.181152,4751.077637
5989,1177.618408,5746.395996
5990,2482.925293,5184.648438
5991,2080.346191,5093.996094
5992,1005.811707,5039.010254
5993,3355.958008,2142.963379
5994,3317.778809,2109.525879
5995,3262.206787,2060.855957
5996,3403.894287,2045.623413
5997,3291.901855,2037.078369
5998,3319.051514,2013.300659
5999,3453.527344,2009.956909
6000,3373.35083,1984.693115
6001,3480.677002,1970.575073
6002,3134.093994,1948.655029
6003,3409.40918,2027.047119
6004,3335.595703,1941.224609
6005,3392.016357,1879.551147
6006,3401.773193,1868.405396
6007,3224.875977,1844.256226
6008,3366.987549,1844.627686
6009,3430.619873,1836.454102
6010,3462.435791,1808.961182
6011,3472.616943,1797.072388
6012,3296.143799,1891.811523
6013,3485.343506,1782.954346
6014,3308.446045,1748.030884
6015,3431.043945,1768.836426
6016,3314.38501,1740.971924
6017,3520.553223,1806.732056
6018,3354.685547,1694.90271
6019,3550.248047,1707.534546
6020,3546.854492,1705.30542
6021,2871.505615,1719.05188
6022,3389.046875,1790.75647
6023,3391.592041,1652.548706
6024,3418.317627,1622.083496
6025,3267.721436,1635.829956
6026,3154.456299,1643.63208
6027,3336.868408,1615.767578
6028,3154.880615,1635.829956
6029,3441.225098,1596.07666
6030,3155.304688,1624.684204
6031,3139.608887,1629.514038
6032,3454.800049,1580.101074
6033,2982.225342,1603.878784
6034,3113.731934,1605.736328
6035,3480.677002,1550.378906
6036,3196.877686,1574.156616
6037,3501.463623,1607.593994
6038,3087.43042,1687.100586
6039,3081.915771,1693.045044
6040,3075.976807,1579.358032
6041,3507.82666,1519.542236
6042,3040.76709,1546.292114
6043,3061.977783,1715.70813
6044,3112.459229,1712.735962
6045,3241.844482,1520.65686
6046,3407.288086,1499.479858
6047,3544.733398,1477.188232
6048,3556.611328,1549.264404
6049,3558.30835,1461.584229
6050,3273.660645,1482.018188
6051,3087.854736,1497.250732
6052,3285.962646,1467.528564
6053,3610.910889,1491.306274
6054,3311.839844,1435.577393
6055,3138.336182,1447.466187
6056,3339.837891,1423.317017
6057,3347.049561,1420.344727
6058,3339.837891,1409.198975
6059,3369.532959,1415.514893
6060,3375.047607,1414.771851
6061,3410.257568,1386.164307
6062,3182.878662,1400.282349
6063,3317.778809,1390.994263
6064,3392.864746,1401.768433
6065,3395.834229,1428.889893
6066,3401.349121,1432.233643
6067,3431.043945,1361.643677
6068,3246.510742,1339.723633
6069,3484.919189,1298.855713
6070,3315.233643,1290.310547
6071,3545.581787,1228.637207
6072,3368.68457,1231.609497
6073,3372.926758,1227.151123
6074,3496.373047,1201.144287
6075,3461.163086,1182.567993
6076,3454.375732,1161.019409
6077,4137.360352,2012.929077
6078,4132.27002,2072.373291
6079,4015.186768,2097.637207
6080,4028.761719,2161.167969
6081,4035.549072,2212.810303
6082,4108.937988,2197.577637
6083,4049.972412,384.901184
6084,4061.001953,351.092285
6085,4102.575195,387.873383
6086,4145.844727,385.644226
6087,4019.004883,484.841736
6088,3987.613037,478.897308
6089,4089.000244,474.810516
6090,4080.091553,520.136719
6091,4127.603516,476.668152
6092,4125.482422,536.112366
6093,3962.584229,563.976807
6094,4041.488037,600.757935
6095,4128.876465,641.625793
6096,4097.484375,768.316223
6097,3453.527344,1155.446533
6098,3446.73999,1139.842529
6099,3474.738037,1121.266113
6100,3513.341553,1093.773193
6101,3534.552246,1069.252441
6102,3512.917236,1055.877563
6103,3525.643799,1142.443115
6104,3730.963379,992.346558
